298 
321.135 
333.008 
341.916 
349.339 
355.834 
361.68 
367.039 
372.015 
376.68 
381.086 
385.272 
389.267 
393.096 
396.778 
400.328 
403.76 
407.085 
410.312 
413.449 
416.503 
419.482 
422.389 
425.23 
428.01 
430.731 
433.399 
436.014 
438.582 
441.104 
443.582 
446.018 
448.416 
450.776 
453.1 
455.391 
457.648 
459.874 
462.07 
464.237 
466.376 
468.489 
470.576 
472.638 
474.676 
476.69 
478.683 
480.654 
482.603 
484.533 
486.443 
488.333 
490.206 
492.06 
493.897 
495.716 
497.519 
499.306 
501.078 
502.834 
504.575 
506.302 
508.014 
509.713 
511.398 
513.07 
514.73 
516.376 
518.011 
519.633 
521.243 
522.843 
524.43 
526.007 
527.573 
529.129 
530.674 
532.209 
533.733 
535.249 
536.754 
538.25 
539.737 
541.215 
542.684 
544.144 
545.596 
547.039 
548.474 
549.901 
551.319 
552.73 
554.133 
555.529 
556.917 
558.297 
559.67 
561.037 
562.396 
563.748 
565.093 
566.432 
567.764 
569.089 
570.408 
571.721 
573.027 
574.328 
575.622 
576.91 
578.192 
579.469 
580.739 
582.004 
583.264 
584.518 
585.766 
587.009 
588.247 
589.48 
590.707 
591.929 
593.146 
594.359 
595.566 
596.768 
597.966 
599.159 
600.347 
601.53 
602.709 
603.884 
605.053 
606.219 
607.38 
608.537 
609.689 
610.837 
611.982 
613.121 
614.257 
615.389 
616.517 
617.64 
618.76 
619.876 
620.988 
622.097 
623.201 
624.302 
625.399 
626.492 
627.582 
628.668 
629.751 
630.83 
631.906 
632.978 
634.047 
635.112 
636.174 
637.233 
638.289 
639.341 
640.39 
641.436 
642.478 
643.518 
644.554 
645.587 
646.618 
647.645 
648.669 
649.69 
650.708 
651.724 
652.736 
653.746 
654.753 
655.756 
656.757 
657.756 
658.751 
659.744 
660.734 
661.722 
662.706 
663.688 
664.668 
665.645 
666.619 
667.591 
668.56 
669.527 
670.491 
671.452 
672.411 
673.368 
674.323 
675.274 
676.224 
677.171 
678.116 
679.058 
679.998 
680.936 
681.872 
682.805 
683.736 
684.665 
685.591 
686.516 
687.438 
688.358 
689.276 
690.191 
691.105 
692.016 
692.925 
693.833 
694.738 
695.641 
696.542 
697.441 
698.338 
699.233 
700.126 
701.017 
701.906 
702.793 
703.679 
704.562 
705.443 
706.323 
707.2 
708.076 
708.95 
709.822 
710.692 
711.56 
712.427 
713.292 
714.154 
715.016 
715.875 
716.733 
717.588 
718.442 
719.295 
720.145 
720.994 
721.842 
722.687 
723.531 
724.373 
725.214 
726.053 
726.89 
727.726 
728.56 
729.392 
730.223 
731.052 
731.88 
732.706 
733.53 
734.353 
735.175 
735.995 
736.813 
737.63 
738.445 
739.259 
740.071 
740.882 
741.691 
742.499 
743.305 
744.11 
744.914 
745.716 
746.517 
747.316 
748.113 
748.91 
749.705 
750.498 
751.291 
752.081 
752.871 
753.659 
754.446 
755.231 
756.015 
756.798 
757.579 
758.359 
759.138 
759.915 
760.691 
761.466 
762.239 
763.012 
763.783 
764.552 
765.321 
766.088 
766.854 
767.618 
768.382 
769.144 
769.905 
770.664 
771.423 
772.18 
772.936 
773.691 
774.445 
775.197 
775.949 
776.699 
777.448 
778.195 
778.942 
779.687 
780.432 
781.175 
781.917 
782.658 
783.398 
784.136 
784.874 
785.61 
786.346 
787.08 
787.813 
788.545 
789.276 
790.006 
790.734 
791.462 
792.189 
792.914 
793.639 
794.362 
795.084 
795.806 
796.526 
797.245 
797.963 
798.681 
799.397 
797.754 
799.133 
798.189 
799.679 
798.956 
798.945 
799.129 
799.423 
799.794 
796.677 
799.037 
799.516 
796.612 
799.027 
799.652 
796.871 
799.319 
799.617 
797.12 
799.623 
796.952 
799.47 
796.858 
799.393 
799.927 
797.701 
799.945 
797.769 
797.985 
798.127 
798.252 
798.238 
798.319 
798.148 
798.381 
797.944 
798.302 
798.293 
798.322 
798.382 
798.051 
798.616 
798.305 
798.47 
798.203 
798.427 
798.189 
798.455 
798.239 
798.539 
798.343 
798.161 
798.525 
798.362 
798.21 
798.618 
798.479 
798.35 
798.241 
798.709 
798.602 
798.503 
798.421 
798.355 
798.3 
798.255 
798.813 
798.756 
798.702 
798.664 
798.638 
798.622 
798.615 
798.615 
798.622 
798.634 
798.653 
798.677 
798.705 
798.739 
798.777 
798.819 
798.865 
798.916 
798.97 
799.028 
799.089 
799.155 
799.223 
799.295 
799.37 
799.448 
799.529 
796.421 
799.964 
796.184 
799.698 
799.095 
799.145 
799.249 
799.365 
799.485 
796.427 
799.968 
796.239 
799.752 
799.185 
799.267 
799.403 
799.549 
796.527 
799.509 
796.563 
799.605 
796.682 
798.913 
799.264 
799.534 
796.619 
798.889 
799.264 
799.557 
796.669 
798.967 
799.36 
799.67 
796.804 
799.124 
799.531 
796.717 
799.083 
799.512 
796.722 
799.113 
799.556 
796.784 
799.194 
799.649 
796.893 
799.318 
796.665 
799.154 
799.644 
796.928 
799.391 
796.769 
799.289 
799.798 
797.109 
799.597 
797 
799.541 
796.968 
799.533 
796.976 
799.557 
797.012 
799.605 
797.072 
799.676 
797.153 
799.766 
797.253 
799.874 
797.37 
799.999 
797.503 
797.351 
797.261 
797.416 
797.368 
797.27 
797.407 
797.391 
797.327 
797.262 
797.498 
797.517 
797.488 
797.457 
797.43 
797.409 
797.394 
797.385 
797.382 
797.385 
797.394 
797.409 
797.429 
797.454 
797.484 
797.52 
797.56 
799.377 
797.331 
797.376 
797.449 
797.523 
797.598 
799.429 
797.409 
797.484 
797.586 
799.427 
797.426 
797.522 
797.644 
799.492 
797.507 
797.62 
799.476 
797.505 
797.635 
799.497 
797.538 
797.681 
799.547 
797.599 
799.448 
797.51 
797.681 
799.556 
797.628 
799.485 
797.566 
799.43 
797.52 
797.722 
799.608 
797.705 
799.571 
797.675 
799.547 
797.66 
799.536 
797.657 
799.536 
797.665 
799.547 
797.682 
799.566 
797.708 
799.594 
797.742 
799.63 
797.784 
799.674 
797.833 
799.725 
797.89 
799.783 
797.953 
799.848 
798.023 
799.919 
798.1 
799.997 
798.183 
797.812 
799.847 
798.101 
797.81 
799.864 
798.14 
797.886 
799.949 
798.241 
798.013 
797.957 
797.948 
797.965 
798.002 
798.056 
798.123 
798.202 
798.292 
798.392 
798.5 
798.618 
797.899 
798.204 
798.413 
798.599 
797.908 
798.263 
798.516 
798.741 
798.067 
798.456 
798.74 
798.086 
798.51 
798.824 
798.182 
798.631 
798.019 
798.511 
798.878 
798.259 
798.75 
798.157 
798.686 
798.106 
798.659 
798.089 
798.659 
798.097 
798.683 
798.128 
798.727 
798.178 
798.79 
798.247 
798.87 
798.333 
798.967 
798.435 
796.421 
798.474 
796.424 
798.48 
796.447 
798.512 
796.499 
798.571 
798.115 
798.889 
798.412 
796.521 
798.627 
798.191 
799.002 
798.543 
798.163 
799.025 
798.579 
798.211 
799.093 
798.657 
798.297 
796.578 
798.745 
798.354 
796.633 
798.805 
798.422 
796.723 
798.904 
798.529 
798.224 
796.617 
798.829 
798.474 
796.838 
799.043 
798.69 
798.406 
796.85 
799.08 
798.744 
798.474 
796.952 
796.619 
798.909 
798.607 
798.367 
796.905 
799.172 
798.866 
798.626 
798.422 
797.013 
796.739 
799.065 
798.794 
798.584 
798.406 
797.054 
796.813 
799.159 
798.906 
798.712 
798.551 
798.409 
797.127 
799.303 
799.092 
798.924 
798.783 
798.659 
798.547 
798.445 
797.092 
796.861 
796.806 
799.255 
799.07 
798.938 
798.834 
798.745 
798.668 
798.598 
798.536 
798.478 
798.426 
797.213 
797.071 
797.074 
797.06 
797.049 
797.044 
797.044 
797.049 
797.06 
797.076 
797.097 
797.123 
797.088 
797.164 
797.162 
797.206 
797.269 
797.344 
797.431 
797.527 
797.633 
797.737 
799.407 
797.369 
799.457 
797.449 
799.423 
797.439 
799.439 
797.473 
799.458 
797.507 
799.45 
797.515 
799.516 
797.592 
799.514 
797.605 
799.572 
797.674 
799.54 
797.656 
799.56 
797.686 
799.62 
797.756 
799.561 
797.711 
799.549 
797.71 
799.571 
797.741 
799.623 
797.801 
799.527 
797.72 
799.653 
797.85 
799.608 
797.818 
799.6 
797.819 
799.618 
797.847 
799.66 
797.897 
799.723 
797.967 
799.216 
799.814 
797.901 
799.675 
797.928 
799.573 
797.846 
799.734 
798.011 
799.273 
797.54 
799.723 
798.016 
799.285 
797.567 
799.782 
798.089 
799.364 
797.661 
799.667 
797.998 
799.285 
797.602 
799.643 
797.99 
799.284 
797.617 
799.683 
798.044 
799.344 
797.691 
799.778 
798.153 
799.457 
797.817 
799.656 
798.054 
799.372 
797.753 
799.892 
798.296 
799.611 
797.999 
799.331 
797.741 
799.644 
798.082 
799.417 
797.836 
799.746 
798.196 
799.533 
797.963 
799.885 
798.346 
799.686 
798.128 
799.482 
797.942 
799.902 
798.386 
799.736 
798.201 
799.562 
798.043 
799.416 
797.91 
799.911 
798.425 
799.787 
798.279 
799.651 
798.159 
799.54 
798.061 
799.449 
797.98 
799.689 
798.245 
799.63 
798.166 
799.557 
798.104 
799.501 
798.058 
799.46 
798.025 
799.431 
798.003 
799.412 
797.992 
799.738 
798.341 
799.742 
798.322 
799.727 
798.318 
799.729 
798.328 
799.742 
798.349 
799.766 
798.38 
799.799 
798.419 
799.84 
798.467 
799.89 
798.522 
799.947 
798.585 
796.752 
796.8 
796.802 
796.8 
796.801 
796.808 
796.82 
796.838 
796.861 
799.971 
796.676 
796.819 
796.906 
797.023 
797.279 
797.125 
797.518 
797.429 
797.411 
797.434 
797.485 
797.56 
797.656 
799.959 
796.964 
795.764 
796.937 
795.756 
796.943 
795.805 
797.007 
795.908 
797.122 
797.478 
795.848 
797.117 
797.544 
795.974 
797.265 
797.735 
797.573 
800 
796.125 
797.453 
796.055 
797.405 
796.049 
797.415 
796.094 
797.472 
796.181 
797.57 
800.083 
796.306 
797.704 
797.756 
797.833 
796.016 
797.506 
800.098 
796.384 
797.831 
796.059 
797.575 
799.167 
799.205 
799.168 
799.118 
799.065 
799.012 
798.962 
798.914 
798.869 
798.827 
798.787 
798.751 
798.717 
798.686 
798.657 
800.042 
796.445 
796.113 
797.698 
798.019 
796.467 
796.208 
797.83 
796.344 
797.976 
796.504 
796.292 
797.947 
796.523 
796.338 
798.012 
800.013 
796.624 
800.196 
796.824 
799.309 
799.488 
797.697 
796.647 
799.273 
799.485 
797.731 
796.746 
799.427 
797.782 
800.08 
796.877 
799.608 
797.985 
799.357 
797.781 
800.13 
796.982 
799.282 
799.569 
797.914 
800.234 
797.097 
799.398 
797.839 
800.199 
797.096 
799.419 
797.881 
800.253 
797.172 
799.509 
797.987 
799.514 
798.029 
799.59 
798.119 
799.7 
798.24 
799.836 
798.387 
799.3 
797.906 
799.604 
798.192 
799.856 
798.443 
799.378 
798.017 
799.76 
798.378 
799.332 
797.996 
799.775 
798.414 
799.379 
798.063 
799.867 
798.525 
799.499 
798.2 
800.035 
797.504 
799.985 
796.981 
799.747 
798.483 
799.511 
798.275 
798.417 
799.531 
798.331 
799.396 
798.199 
798.401 
799.53 
798.356 
799.435 
798.262 
798.504 
799.644 
798.491 
799.58 
798.428 
799.521 
798.378 
799.475 
798.341 
799.443 
798.318 
799.424 
798.307 
799.417 
798.308 
799.422 
798.321 
799.437 
798.344 
799.464 
798.377 
799.5 
798.421 
799.546 
798.474 
799.603 
798.537 
799.668 
798.61 
799.743 
798.691 
799.827 
798.782 
799.92 
797.228 
800.24 
796.434 
800.262 
796.269 
800.083 
796.103 
797.554 
798.713 
799.984 
797.396 
798.745 
800.177 
796.517 
800.244 
796.605 
800.353 
796.73 
800.493 
796.886 
798.842 
800.387 
796.825 
798.823 
800.393 
796.859 
798.88 
798.641 
800.255 
796.767 
798.825 
800.436 
796.958 
799.019 
798.811 
800.454 
797.013 
799.103 
798.914 
798.744 
800.426 
797.03 
799.151 
798.985 
798.837 
800.537 
795.673 
796.548 
798.149 
800.414 
795.673 
796.636 
798.901 
