0 
0 
0 
0 
0 
0 
0 
0 
0 
0 
0 
0 
0 
0 
0 
0 
0 
0 
0 
0 
0 
0 
0 
0 
0 
0 
0 
0 
0 
0 
0 
0 
0 
0 
0 
0 
0 
0 
0 
0 
0 
0 
0 
0 
0 
0 
0 
0 
0 
0 
0 
0 
0 
0 
0 
0 
0 
0 
0 
0 
0 
0 
0 
0 
0 
0 
0 
0 
0 
0 
0 
0 
0 
0 
0 
0 
0 
0 
0 
0 
0 
0 
0 
0 
0 
0 
0 
0 
0 
0 
0 
0 
0 
0 
0 
0 
0 
0 
0 
0 
0 
0 
0 
0 
0 
0 
0 
0 
0 
0 
0 
0 
0 
0 
0 
0 
0 
0 
0 
0 
0 
0 
0 
0 
0 
0 
0 
0 
0 
0 
0 
0 
0 
0 
0 
0 
0 
0 
0 
0 
0 
0 
0 
0 
0 
0 
0 
0 
0 
0 
0 
0 
0 
0 
0 
0 
0 
0 
0 
0 
0 
0 
0 
0 
0 
0 
0 
0 
0 
0 
0 
0 
0 
0 
0 
0 
0 
0 
0 
0 
0 
0 
0 
0 
0 
0 
0 
0 
0 
0 
0 
0 
0 
0 
0 
0 
0 
0 
0 
0 
0 
0 
0 
0 
0 
0 
0 
0 
0 
0 
0 
0 
0 
0 
0 
0 
0 
0 
0 
0 
0 
0 
0 
0 
0 
0 
0 
0 
0 
0 
0 
0 
0 
0 
0 
0 
0 
0 
0 
0 
0 
0 
0 
0 
0 
0 
0 
0 
0 
0 
0 
0 
0 
0 
0 
0 
0 
0 
0 
0 
0 
0 
0 
0 
0 
0 
0 
0 
0 
0 
0 
0 
0 
0 
0 
0 
0 
0 
0 
0 
0 
0 
0 
0 
0 
0 
0 
0 
0 
0 
0 
0 
0 
0 
0 
0 
0 
0 
0 
0 
0 
0 
0 
0 
0 
0 
0 
0 
0 
0 
0 
0 
0 
0 
0 
0 
0 
0 
0 
0 
0 
0 
0 
0 
0 
0 
0 
0 
0 
0 
0 
0 
0 
0 
0 
0 
0 
0 
0 
0 
0 
0 
0 
0 
0 
0 
0 
0 
0 
0 
0 
0 
0.010129 
0.010129 
0.0202553 
0.0202553 
0.0303792 
0.0405004 
0.0506191 
0.0607353 
0.0708489 
0.091081 
0.091081 
0.101187 
0.121404 
0.121404 
0.131502 
0.151703 
0.151703 
0.161794 
0.18198 
0.18198 
0.202156 
0.202156 
0.222321 
0.222321 
0.232394 
0.252544 
0.262609 
0.282744 
0.302869 
0.322984 
0.343088 
0.363182 
0.383266 
0.40334 
0.423404 
0.443457 
0.463501 
0.483534 
0.503557 
0.52357 
0.543572 
0.563565 
0.583548 
0.60352 
0.623482 
0.643434 
0.663376 
0.683308 
0.70323 
0.723142 
0.743043 
0.762935 
0.782816 
0.802688 
0.822549 
0.8424 
0.862241 
0.882073 
0.901894 
0.921705 
0.941506 
0.961297 
0.981078 
1.00085 
1.02061 
1.04036 
1.0601 
1.07983 
1.09955 
1.11926 
1.13896 
1.15866 
1.17834 
1.19801 
1.21767 
1.23732 
1.25696 
1.27659 
1.29621 
1.31582 
1.33543 
1.35502 
1.3746 
1.39417 
1.41373 
1.43328 
1.45283 
1.47236 
1.49188 
1.51139 
1.53089 
1.55039 
1.56987 
1.59909 
1.59909 
1.62829 
1.62829 
1.64774 
1.66717 
1.68659 
1.70601 
1.72541 
1.75451 
1.75451 
1.7836 
1.7836 
1.80296 
1.82232 
1.84166 
1.861 
1.89 
1.90931 
1.93827 
1.95756 
1.98649 
2.00575 
2.025 
2.04424 
2.07311 
2.09232 
2.11153 
2.13073 
2.15953 
2.1787 
2.19786 
2.21702 
2.24575 
2.26488 
2.284 
2.31268 
2.33178 
2.35086 
2.37949 
2.39856 
2.41761 
2.44619 
2.46522 
2.48424 
2.51276 
2.53176 
2.56025 
2.57922 
2.59818 
2.62662 
2.64556 
2.67397 
2.69288 
2.71178 
2.74014 
2.75902 
2.78734 
2.80619 
2.83448 
2.85331 
2.88156 
2.90036 
2.92858 
2.94736 
2.97554 
2.9943 
3.02244 
3.04117 
3.06928 
3.08799 
3.11606 
3.13475 
3.16278 
3.19079 
3.21878 
3.24675 
3.2747 
3.30263 
3.33054 
3.35842 
3.38628 
3.41413 
3.44195 
3.46975 
3.49753 
3.52528 
3.55302 
3.58074 
3.60843 
3.6361 
3.66376 
3.69139 
3.719 
3.74659 
3.77415 
3.8017 
3.82923 
3.85673 
3.88422 
3.90252 
3.92997 
3.9574 
3.9848 
4.01219 
4.03956 
4.05778 
4.08511 
4.11242 
4.13971 
4.15788 
4.18514 
4.21237 
4.23959 
4.25771 
4.28489 
4.31204 
4.33013 
4.35725 
4.38436 
4.4024 
4.42947 
4.45652 
4.47453 
4.50154 
4.51953 
4.54651 
4.57347 
4.59142 
4.61835 
4.63628 
4.66317 
4.68107 
4.70793 
4.73477 
4.75264 
4.77944 
4.79729 
4.82406 
4.84188 
4.86862 
4.88642 
4.91312 
4.9309 
4.95756 
4.97532 
5.00195 
5.01969 
5.04629 
5.064 
5.09057 
5.10825 
5.13479 
5.15245 
5.17895 
5.1966 
5.22306 
5.24068 
5.26712 
5.28471 
5.31111 
5.32869 
5.35506 
5.37261 
5.39894 
5.42525 
5.44277 
5.46905 
5.49531 
5.51279 
5.53902 
5.56522 
5.58267 
5.60884 
5.635 
5.66113 
5.68724 
5.71333 
5.73941 
5.76546 
5.79149 
5.8175 
5.8435 
5.86947 
5.89543 
5.92136 
5.94727 
5.97317 
5.99904 
6.0249 
6.05073 
6.07655 
6.10235 
6.12812 
6.15388 
6.17962 
6.20534 
6.23104 
6.25671 
6.28237 
6.30801 
6.33363 
6.35924 
6.38482 
6.41038 
6.43592 
6.46145 
6.48695 
6.51243 
6.5379 
6.56334 
6.58877 
6.61418 
6.63956 
6.66493 
6.69028 
6.71561 
6.74092 
6.76621 
6.79149 
6.81674 
6.84197 
6.86719 
6.89238 
6.92597 
6.95112 
6.98464 
7.00975 
7.04321 
7.06828 
7.10168 
7.1267 
7.1517 
7.17668 
7.20164 
7.23491 
7.25982 
7.28472 
7.3096 
7.33446 
7.3593 
7.38412 
7.40892 
7.4337 
7.45847 
7.48321 
7.50794 
7.5409 
7.56558 
7.59025 
7.62312 
7.64774 
7.67235 
7.70514 
7.7297 
7.75424 
7.77876 
7.81144 
7.83592 
7.86038 
7.89298 
7.9174 
7.94179 
7.96617 
7.99867 
8.023 
8.04732 
8.07162 
8.104 
8.13636 
8.16059 
8.1848 
8.209 
8.24125 
8.2654 
8.28953 
8.31364 
8.33774 
8.36986 
8.40194 
8.42597 
8.44998 
8.47397 
8.49794 
8.5299 
8.56182 
8.58573 
8.60962 
8.63349 
8.65734 
8.68118 
8.71295 
8.73674 
8.76051 
8.78427 
8.808 
8.83172 
8.85542 
8.87911 
8.91068 
8.94222 
8.97372 
8.99731 
9.02089 
9.04445 
9.06799 
9.09151 
9.11501 
9.1385 
9.16197 
9.18542 
9.20885 
9.24008 
9.27129 
9.30246 
9.3336 
9.36471 
9.39578 
9.42683 
9.45784 
9.48883 
9.51978 
9.5507 
9.58158 
9.61244 
9.64327 
9.67406 
9.70482 
9.73556 
9.76626 
9.79693 
9.82757 
9.85817 
9.88875 
9.91165 
9.94217 
9.96503 
9.99549 
10.0183 
10.0487 
10.0715 
10.1019 
10.1246 
10.1549 
10.1776 
10.2078 
10.2305 
10.2607 
10.2833 
10.3135 
10.336 
10.3661 
10.3887 
10.4187 
10.4412 
10.4712 
10.4936 
10.5236 
10.546 
10.5759 
10.5982 
10.6281 
10.6504 
10.6802 
10.7025 
10.7322 
10.7544 
10.7841 
10.8063 
10.8359 
10.8581 
10.8877 
10.9098 
10.9393 
10.9614 
10.9909 
11.0129 
11.0423 
11.0644 
11.0937 
11.1157 
11.1377 
11.1669 
11.1889 
11.2181 
11.24 
11.2692 
11.291 
11.3201 
11.3419 
11.371 
11.3928 
11.4218 
11.4435 
11.4725 
11.4942 
11.5231 
11.5448 
11.5736 
11.5952 
11.6241 
11.6456 
11.6744 
11.6959 
11.7247 
11.7462 
11.7748 
11.7963 
11.8249 
11.8463 
11.8749 
11.8963 
11.9248 
11.9461 
11.9746 
11.9959 
12.0243 
12.0456 
12.0739 
12.0952 
12.1235 
12.1447 
12.1729 
12.1941 
12.2223 
12.2434 
12.2716 
12.2927 
12.3208 
12.3418 
12.3699 
12.3909 
12.4189 
12.4399 
12.4678 
12.4888 
12.5167 
12.5376 
12.5654 
12.5863 
12.6141 
12.6349 
12.6627 
12.6835 
12.7112 
12.7319 
12.7596 
12.7803 
12.8079 
12.8286 
12.8562 
12.8768 
12.9043 
12.9249 
12.9524 
12.9729 
13.0004 
13.0209 
13.0483 
13.0688 
13.0961 
13.1165 
13.1438 
13.1642 
13.1915 
13.2118 
13.239 
13.2594 
13.2865 
13.3068 
13.3339 
13.3542 
13.3812 
13.4014 
13.4284 
13.4486 
13.4756 
13.4957 
13.5226 
13.5427 
13.5696 
13.5897 
13.6165 
13.6365 
13.6633 
13.6833 
13.71 
13.73 
13.7566 
13.7766 
13.8032 
13.8364 
13.8696 
13.9028 
13.9359 
13.969 
14.002 
14.035 
14.0679 
14.1008 
14.1205 
14.1533 
14.1861 
14.2189 
14.2516 
14.2842 
14.3169 
14.3494 
14.382 
14.4145 
14.4469 
14.4794 
14.5117 
14.5441 
14.5634 
14.5957 
14.6344 
14.6666 
14.7052 
14.7373 
14.7757 
14.8077 
14.8461 
14.878 
14.9099 
14.9481 
14.9799 
15.0116 
15.0497 
15.0813 
15.113 
15.1445 
15.1445 
15.1824 
15.2139 
15.2516 
15.283 
15.3207 
15.352 
15.3895 
15.4207 
15.4582 
15.4893 
15.4893 
15.5267 
15.5577 
15.5887 
15.6197 
15.6568 
15.6877 
15.6877 
15.7247 
15.7555 
15.7925 
15.8232 
15.8477 
15.8722 
15.8967 
15.9211 
15.9455 
15.9699 
15.9943 
16.0187 
16.043 
16.0673 
16.0916 
16.1158 
16.1401 
16.1643 
16.1884 
16.1884 
16.2247 
16.2609 
16.291 
16.3211 
16.3572 
16.3932 
16.4231 
16.4591 
16.4889 
16.5247 
16.5605 
16.5902 
16.6259 
16.6615 
16.6911 
16.6911 
16.7266 
16.7266 
16.762 
16.7856 
16.8092 
16.8386 
16.8739 
16.8973 
16.9208 
16.95 
16.9851 
17.0085 
17.0377 
17.0377 
17.0726 
17.0959 
17.125 
17.1482 
17.1772 
17.1772 
17.2119 
17.235 
17.2581 
17.287 
17.287 
17.3216 
17.3446 
17.3733 
17.3733 
17.4078 
17.4307 
17.4593 
17.4593 
17.4937 
17.5165 
17.545 
17.5678 
17.5963 
17.619 
17.6474 
17.6701 
17.6984 
17.721 
17.7493 
17.7718 
17.8 
17.8226 
17.8507 
17.8732 
17.9012 
17.9237 
17.9517 
17.974 
18.002 
18.0243 
18.0522 
18.0744 
18.1022 
18.1245 
18.1522 
18.1744 
18.2021 
18.2242 
18.2518 
18.2518 
18.2849 
18.307 
18.34 
18.362 
18.3894 
18.4113 
18.4387 
18.4661 
18.4879 
18.5152 
18.537 
18.5642 
18.5914 
18.6132 
18.6403 
18.662 
18.689 
18.7161 
18.7377 
18.7646 
18.7862 
18.8131 
18.8346 
18.8614 
18.8829 
18.9097 
18.9311 
18.9578 
18.9791 
19.0058 
19.0271 
19.0537 
19.0749 
19.1015 
19.1227 
19.1492 
19.1703 
19.1968 
19.2179 
19.2442 
19.2653 
19.2916 
19.3126 
19.3388 
19.3598 
19.386 
19.4069 
19.433 
19.4539 
19.4799 
19.5008 
19.532 
19.532 
19.5684 
19.5684 
19.6047 
19.6047 
19.641 
19.672 
19.6978 
19.7184 
19.7493 
19.7749 
19.7749 
19.8109 
19.8109 
19.8468 
19.8468 
19.8826 
19.8826 
19.9184 
19.9439 
19.9439 
19.9795 
20.0049 
20.0049 
20.0405 
20.0658 
20.0911 
20.0911 
20.1265 
20.1517 
20.1517 
20.187 
20.2121 
20.2372 
20.2372 
20.2724 
20.2974 
20.3224 
20.3473 
20.3473 
20.3823 
20.4072 
20.432 
20.4569 
20.4569 
20.4966 
20.5313 
20.5609 
20.5609 
20.6004 
20.6349 
20.6595 
