N_cells
0.0853382
0.0678158
0.0688513
0.0720354
0.0755399
0.0789725
0.0822333
0.0853034
0.0881889
0.090904
0.0934642
0.0958845
0.0981784
0.100358
0.102434
0.104416
0.106311
0.108127
0.109871
0.111548
0.113163
0.114721
0.116225
0.117679
0.119087
0.120452
0.121775
0.12306
0.124309
0.125523
0.126705
0.127857
0.12898
0.130075
0.131143
0.132187
0.133208
0.134205
0.135181
0.136136
0.137072
0.137988
0.138886
0.139767
0.140631
0.141479
0.142311
0.143129
0.143932
0.144721
0.145497
0.14626
0.14701
0.147748
0.148475
0.14919
0.149895
0.150589
0.151272
0.151946
0.15261
0.153265
0.15391
0.154547
0.155175
0.155795
0.156407
0.157011
0.157607
0.158196
0.158777
0.159351
0.159919
0.160479
0.161034
0.161581
0.162123
0.162658
0.163187
0.163711
0.164229
0.164741
0.165248
0.165749
0.166245
0.166737
0.167223
0.167704
0.168181
0.168653
0.16912
0.169583
0.170041
0.170496
0.170946
0.171391
0.171833
0.172271
0.172705
0.173135
0.173561
0.173984
0.174403
0.174818
0.17523
0.175639
0.176044
0.176446
0.176845
0.17724
0.177633
0.178022
0.178408
0.178791
0.179172
0.179549
0.179924
0.180296
0.180665
0.181031
0.181395
0.181756
0.182114
0.18247
0.182824
0.183175
0.183523
0.18387
0.184213
0.184555
0.184894
0.185231
0.185566
0.185899
0.186229
0.186557
0.186884
0.187208
0.18753
0.187853
0.188172
0.188489
0.188804
0.189117
0.189428
0.189737
0.190044
0.19035
0.190653
0.190955
0.191255
0.191553
0.19185
0.192144
0.192438
0.192729
0.193019
0.193307
0.193594
0.193879
0.194163
0.194445
0.194726
0.195005
0.195282
0.195559
0.195833
0.196107
0.196379
0.196649
0.196919
0.197186
0.197453
0.197718
0.197982
0.198245
0.198506
0.198766
0.199025
0.199282
0.199539
0.199794
0.200048
0.2003
0.200552
0.200802
0.201052
0.2013
0.201547
0.201793
0.202037
0.202281
0.202524
0.202765
0.203006
0.203245
0.203484
0.203721
0.203957
0.204193
0.204427
0.20466
0.204893
0.205124
0.205355
0.205584
0.205813
0.20604
0.206267
0.206493
0.206718
0.206942
0.207165
0.207387
0.207608
0.207829
0.208049
0.208267
0.208485
0.208702
0.208919
0.209134
0.209349
0.209563
0.209776
0.209988
0.210199
0.21041
0.21062
0.210829
0.211038
0.211245
0.211452
0.211658
0.211864
0.212068
0.212272
0.212476
0.212678
0.21288
0.213081
0.213282
0.213481
0.21368
0.213879
0.214077
0.214274
0.21447
0.214666
0.214861
0.215055
0.215249
0.215443
0.215635
0.215827
0.216018
0.216209
0.216399
0.216589
0.216778
0.216966
0.217154
0.217341
0.217527
0.217713
0.217899
0.218084
0.218268
0.218452
0.218635
0.218817
0.218999
0.219181
0.219362
0.219542
0.219722
0.219901
0.22008
0.220259
0.220436
0.220614
0.220791
0.220967
0.221143
0.221318
0.221493
0.221667
0.221841
0.222014
0.222187
0.222359
0.222531
0.222702
0.222873
0.223044
0.223214
0.223383
0.223552
0.223721
0.223889
0.224057
0.224224
0.224391
0.224557
0.224723
0.224889
0.225054
0.225219
0.225383
0.225547
0.22571
0.225873
0.226036
0.226198
0.22636
0.226521
0.226682
0.226842
0.227002
0.227162
0.227322
0.227481
0.227639
0.227797
0.227955
0.228113
0.22827
0.228426
0.228583
0.228738
0.228894
0.229049
0.229204
0.229358
0.229513
0.229666
0.22982
0.229973
0.230125
0.230278
0.23043
0.230581
0.230733
0.230884
0.231034
0.231184
0.231334
0.231484
0.231633
0.231782
0.231931
0.232079
0.232227
0.232375
0.232522
0.232669
0.232816
0.232962
0.233108
0.233254
0.233399
0.233544
0.233689
0.233834
0.233978
0.234122
0.234265
0.234409
0.234552
0.234694
0.234837
0.234979
0.235121
0.235262
0.235404
0.235544
0.235685
0.235826
0.235966
0.236106
0.236245
0.236384
0.236524
0.236662
0.236801
0.236939
0.237077
0.237215
0.237352
0.237489
0.237626
0.237763
0.237899
0.238035
0.238171
0.238307
0.238442
0.238577
0.238712
0.238847
0.238981
0.239115
0.239249
0.239382
0.239516
0.239649
0.239782
0.239914
0.240047
0.240179
0.240311
0.240442
0.240574
0.240705
0.240836
0.240967
0.241097
0.241228
0.241358
0.241488
0.241617
0.241747
0.241876
0.242005
0.242133
0.242262
0.24239
0.242518
0.242646
0.242774
0.242901
0.243028
0.243155
0.243282
0.243409
0.243535
0.243661
0.243787
0.243913
0.244039
0.244164
0.244289
0.244414
0.244539
0.244663
0.244788
0.244912
0.245036
0.245159
0.245283
0.245406
0.245529
0.245652
0.245775
0.245898
0.24602
0.246142
0.246264
0.246386
0.246508
0.246629
0.246751
0.246872
0.246993
0.247113
0.247234
0.247354
0.247474
0.247594
0.247714
0.247834
0.247953
0.248073
0.248192
0.248311
0.24843
0.248548
0.248667
0.248785
0.248903
0.249021
0.249139
0.249256
0.249374
0.249491
0.249608
0.249725
0.249842
0.249958
0.250075
0.250191
0.250307
0.250423
0.250539
0.250654
0.25077
0.250885
0.251
0.251115
0.25123
0.251345
0.25146
0.251574
0.251688
0.251802
0.251916
0.25203
0.252144
0.252257
0.25237
0.252484
0.252597
0.25271
0.252822
0.252935
0.253047
0.25316
0.253272
0.253384
0.253496
0.253607
0.253719
0.25383
0.253942
0.254053
0.254164
0.254275
0.254386
0.254496
0.254607
0.254717
0.254827
0.254937
0.255047
0.255157
0.255267
0.255376
0.255486
0.255595
0.255704
0.255813
0.255922
0.256031
0.25614
0.256248
0.256356
0.256465
0.256573
0.256681
0.256789
0.256896
0.257004
0.257112
0.257219
0.257326
0.257433
0.25754
0.257647
0.257754
0.257861
0.257967
0.258074
0.25818
0.258286
0.258392
0.258498
0.258604
0.25871
0.258815
0.258921
0.259026
0.259131
0.259236
0.259341
0.259446
0.259551
0.259656
0.25976
0.259865
0.259969
0.260073
0.260177
0.260281
0.260385
0.260489
0.260593
0.260696
0.2608
0.260903
0.261006
0.26111
0.261213
0.261315
0.261418
0.261521
0.261624
0.261726
0.261829
0.261931
0.262033
0.262135
0.262237
0.262339
0.262441
0.262543
0.262644
0.262746
0.262847
0.262948
0.26305
0.263151
0.263252
0.263353
0.263453
0.263554
0.263655
0.263755
0.263856
0.263956
0.264056
0.264156
0.264256
0.264356
0.264456
0.264556
0.264656
0.264755
0.264855
0.264954
0.265053
0.265153
0.265252
0.265351
0.26545
0.265549
0.265647
0.265746
0.265845
0.265943
0.266041
0.26614
0.266238
0.266336
0.266434
0.266532
0.26663
0.266728
0.266826
0.266923
0.267021
0.267118
0.267216
0.267313
0.26741
0.267507
0.267604
0.267701
0.267798
0.267895
0.267992
0.268088
0.268185
0.268281
0.268378
0.268474
0.26857
0.268667
0.268763
0.268859
0.268955
0.26905
0.269146
0.269242
0.269337
0.269433
0.269528
0.269624
0.269719
0.269814
0.26991
0.270005
0.2701
0.270195
0.270289
0.270384
0.270479
0.270574
0.270668
0.270763
0.270857
0.270951
0.271046
0.27114
0.271234
0.271328
0.271422
0.271516
0.27161
0.271704
0.271797
0.271891
0.271984
0.272078
0.272171
0.272265
0.272358
0.272451
0.272544
0.272637
0.27273
0.272823
0.272916
0.273009
0.273102
0.273194
0.273287
0.27338
0.273472
0.273565
0.273657
0.273749
0.273841
0.273934
0.274026
0.274118
0.27421
0.274302
0.274393
0.274485
0.274577
0.274669
0.27476
0.274852
0.274943
0.275035
0.275126
0.275217
0.275308
0.2754
0.275491
0.275582
0.275673
0.275764
0.275854
0.275945
0.276036
0.276127
0.276217
0.276308
0.276398
0.276489
0.276579
0.27667
0.27676
0.27685
0.27694
0.27703
0.27712
0.27721
0.2773
0.27739
0.27748
0.27757
0.277659
0.277749
0.277839
0.277928
0.278018
0.278107
0.278197
0.278286
0.278375
0.278464
0.278554
0.278643
0.278732
0.278821
0.27891
0.278999
0.279087
0.279176
0.279265
0.279354
0.279442
0.279531
0.27962
0.279708
0.279796
0.279885
0.279973
0.280061
0.28015
0.280238
0.280326
0.280414
0.280502
0.28059
0.280678
0.280766
0.280854
0.280942
0.281029
0.281117
0.281205
0.281292
0.28138
0.281467
0.281555
0.281642
0.28173
0.281817
0.281904
0.281992
0.282079
0.282166
0.282253
0.28234
0.282427
0.282514
0.282601
0.282688
0.282775
0.282861
0.282948
0.283035
0.283121
0.283208
0.283295
0.283381
0.283468
0.283554
0.28364
0.283727
0.283813
0.283899
0.283985
0.284072
0.284158
0.284244
0.28433
0.284416
0.284502
0.284588
0.284674
0.284759
0.284845
0.284931
0.285017
0.285102
0.285188
0.285274
0.285359
0.285445
0.28553
0.285616
0.285701
0.285786
0.285872
0.285957
0.286042
0.286127
0.286213
0.286298
0.286383
0.286468
0.286553
0.286638
0.286723
0.286808
0.286892
0.286977
0.287062
0.287147
0.287232
0.287316
0.287401
0.287485
0.28757
0.287654
0.287739
0.287823
0.287908
0.287992
0.288077
0.288161
0.288245
0.288329
0.288414
0.288498
0.288582
0.288666
0.28875
0.288834
0.288918
0.289002
0.289086
0.28917
0.289254
0.289338
0.289421
0.289505
0.289589
0.289673
0.289756
0.28984
0.289923
0.290007
0.290091
0.290174
0.290258
0.290341
0.290424
0.290508
0.290591
0.290674
0.290758
0.290841
0.290924
0.291007
0.291091
0.291174
0.291257
0.29134
0.291423
0.291506
0.291589
0.291672
0.291755
0.291838
0.29192
0.292003
0.292086
0.292169
0.292251
0.292334
0.292417
0.2925
0.292582
0.292665
0.292747
0.29283
0.292912
0.292995
0.293077
0.29316
0.293242
0.293324
0.293407
0.293489
0.293571
0.293654
0.293736
0.293818
0.2939
0.293982
0.294064
0.294147
0.294229
0.294311
0.294393
0.294475
0.294557
0.294639
0.29472
0.294802
0.294884
0.294966
0.295048
0.29513
0.295211
0.295293
0.295375
0.295456
0.295538
0.29562
0.295701
0.295783
0.295864
0.295946
0.296028
0.296109
0.29619
0.296272
0.296353
0.296435
0.296516
0.296597
0.296679
0.29676
0.296841
0.296923
0.297004
0.297085
0.297166
0.297247
0.297328
0.29741
0.297491
0.297572
0.297653
0.297734
0.297815
0.297896
0.297977
0.298058
0.298138
0.298219
0.2983
0.298381
0.298462
0.298543
0.298624
0.298704
0.298785
0.298866
0.298946
0.299027
0.299108
0.299188
0.299269
0.29935
0.29943
0.299511
0.299591
0.299672
0.299752
0.299833
0.299913
0.299994
0.300074
0.300154
0.300235
0.300315
0.300396
0.300476
0.300556
0.300636
0.300717
0.300797
0.300877
0.300957
0.301038
0.301118
0.301198
0.301278
0.301358
0.301438
0.301518
0.301598
0.301678
0.301758
0.301838
0.301918
0.301998
0.302078
0.302158
0.302238
0.302318
0.302398
0.302478
0.302558
0.302638
0.302717
0.302797
0.302877
0.302957
0.303037
0.303116
0.303196
0.303276
0.303355
0.303435
0.303515
0.303594
0.303674
0.303754
0.303833
0.303913
0.303992
0.304072
0.304152
0.304231
0.304311
0.30439
0.304469
0.304549
0.304628
0.304708
0.304787
0.304867
0.304946
0.305025
0.305105
0.305184
0.305263
0.305343
0.305422
0.305501
0.305581
0.30566
0.305739
0.305818
0.305898
0.305977
0.306056
0.306135
0.306214
0.306293
0.306373
0.306452
0.306531
0.30661
0.306689
0.306768
0.306847
0.306926
0.307005
0.307084
0.307163
0.307242
0.307321
0.3074
0.307479
0.307558
0.307637
0.307716
0.307795
0.307874
0.307953
0.308032
0.308111
0.308189
0.308268
0.308347
0.308426
0.308505
0.308584
0.308662
0.308741
0.30882
0.308899
0.308977
0.309056
0.309135
0.309214
0.309292
0.309371
0.30945
0.309528
0.309607
0.309686
0.309764
0.309843
0.309922
0.31
0.310079
0.310157
0.310236
0.310315
0.310393
0.310472
0.31055
0.310629
0.310707
0.310786
0.310864
0.310943
0.311021
0.3111
0.311178
0.311257
0.311335
0.311414
0.311492
0.311571
0.311649
0.311727
0.311806
0.311884
0.311963
0.312041
0.312119
0.312198
0.312276
0.312354
0.312433
0.312511
0.31259
0.312669
0.312748
0.312826
0.312905
0.312983
0.313061
0.31314
0.313218
0.313297
0.313375
0.313453
0.313532
0.31361
0.313688
0.313767
0.313845
0.313923
0.314001
0.31408
0.314158
0.314236
0.314314
0.314393
0.314471
0.314549
0.314627
0.314705
0.314784
0.314862
0.31494
0.315018
0.315096
0.315174
0.315252
0.315331
0.315409
0.315487
0.315565
0.315643
0.315721
0.315799
0.315877
0.315955
0.316034
0.316112
0.31619
0.316268
0.316346
0.316424
0.316502
0.31658
0.316658
0.316736
0.316814
0.316892
0.31697
0.317048
0.317126
0.317204
0.317282
0.31736
0.317438
0.317516
0.317594
0.317672
0.31775
0.317828
0.317906
0.317984
0.318062
0.31814
0.318218
0.318296
0.318374
0.318452
0.31853
0.318608
0.318685
0.318763
0.318841
0.318919
0.318997
0.319075
0.319153
0.319231
0.319309
0.319387
0.319465
0.319542
0.31962
0.319698
0.319776
0.319854
0.319932
0.32001
0.320088
0.320166
0.320243
0.320321
0.320399
0.320477
0.320555
0.320633
0.320711
0.320788
0.320866
0.320944
0.321022
0.3211
0.321178
0.321256
0.321333
0.321411
0.321489
0.321567
0.321645
0.321723
0.321801
0.321878
0.321956
0.322034
0.322112
0.32219
0.322268
0.322345
0.322423
0.322501
0.322579
0.322657
0.322735
0.322812
0.32289
0.322968
0.323046
0.323124
0.323202
0.323279
0.323357
0.323435
0.323513
0.323591
0.323669
0.323746
0.323824
0.323902
0.32398
0.324058
0.324136
0.324213
0.324291
0.324369
0.324447
0.324525
0.324603
0.32468
0.324758
0.324836
0.324914
0.324992
0.32507
0.325147
0.325225
0.325303
0.325381
0.325459
0.325537
0.325614
0.325692
0.32577
0.325848
0.325926
0.326004
0.326082
0.326159
0.326237
0.326315
0.326393
0.326471
0.326549
0.326627
0.326704
0.326782
0.32686
0.326938
0.327016
0.327094
0.327172
0.32725
0.327328
0.327405
0.327483
0.327561
0.327639
0.327717
0.327795
0.327873
0.327951
0.328029
0.328107
0.328184
0.328262
0.32834
0.328418
0.328496
0.328574
0.328652
0.32873
0.328808
0.328886
0.328964
0.329042
0.32912
0.329198
0.329276
0.329354
0.329432
0.32951
0.329588
0.329665
0.329743
0.329821
0.329899
0.329977
0.330055
0.330133
0.330211
0.330289
0.330367
0.330445
0.330524
0.330602
0.33068
0.330758
0.330836
0.330914
0.330992
0.33107
0.331148
0.331226
0.331304
0.331382
0.33146
0.331538
0.331616
0.331694
0.331773
0.331851
0.331929
0.332007
0.332085
0.332163
0.332241
0.332319
0.332397
0.332476
0.332554
0.332632
0.33271
0.332788
0.332866
0.332945
0.333023
0.333101
0.333179
0.333257
0.333336
0.333414
0.333492
0.33357
0.333648
0.333727
0.333805
0.333883
0.333961
0.33404
0.334118
0.334196
0.334274
0.334353
0.334431
0.334509
0.334588
0.334666
0.334744
0.334823
0.334901
0.334979
0.335058
0.335136
0.335214
0.335293
0.335371
0.335449
0.335528
0.335606
0.335685
0.335763
0.335841
0.33592
0.335998
0.336077
0.336155
0.336234
0.336312
0.33639
0.336469
0.336547
0.336626
0.336704
0.336783
0.336861
0.33694
0.337018
0.337097
0.337176
0.337254
0.337333
0.337411
0.33749
0.337568
0.337647
0.337726
0.337804
0.337883
0.337961
0.33804
0.338119
0.338197
0.338276
0.338355
0.338433
0.338512
0.338591
0.338669
0.338748
0.338827
0.338905
0.338984
0.339063
0.339142
0.33922
0.339299
0.339378
0.339457
0.339535
0.339614
0.339693
0.339772
0.339851
0.33993
0.340008
0.340087
0.340166
0.340245
0.340324
0.340403
0.340482
0.340561
0.34064
0.340718
0.340797
0.340876
0.340955
0.341034
0.341113
0.341192
0.341271
0.34135
0.341429
0.341508
0.341587
0.341666
0.341745
0.341825
0.341904
0.341983
0.342062
0.342141
0.34222
0.342299
0.342378
0.342457
0.342537
0.342616
0.342695
0.342774
0.342853
0.342933
0.343012
0.343091
0.34317
0.34325
0.343329
0.343408
0.343487
0.343567
0.343646
0.343725
0.343805
0.343884
0.343963
0.344043
0.344122
0.344202
0.344281
0.34436
0.34444
0.344519
0.344599
0.344678
0.344758
0.344837
0.344917
0.344996
0.345076
0.345155
0.345235
0.345314
0.345394
0.345473
0.345553
0.345633
0.345712
0.345792
0.345871
0.345951
0.346031
0.34611
0.34619
0.34627
0.34635
0.346429
0.346509
0.346589
0.346669
0.346748
0.346828
0.346908
0.346988
0.347067
0.347147
0.347227
0.347307
0.347387
0.347467
0.347547
0.347627
0.347707
0.347786
0.347866
0.347946
0.348026
0.348106
0.348186
0.348266
0.348346
0.348426
0.348507
0.348587
0.348667
0.348747
0.348827
0.348907
0.348987
0.349067
0.349148
0.349228
0.349308
0.349388
0.349468
0.349549
0.349629
0.349709
0.349789
0.34987
0.34995
0.35003
0.350111
0.350191
0.350271
0.350352
0.350432
0.350512
0.350593
0.350673
0.350754
0.350834
0.350915
0.350995
0.351076
0.351156
0.351237
0.351317
0.351398
0.351478
0.351559
0.35164
0.35172
0.351801
0.351882
0.351962
0.352043
0.352124
0.352204
0.352285
0.352366
0.352447
0.352527
0.352608
0.352689
0.35277
0.352851
0.352931
0.353012
0.353093
0.353174
0.353255
0.353336
0.353417
0.353498
0.353579
0.35366
0.353741
0.353822
0.353903
0.353984
0.354065
0.354146
0.354227
0.354308
0.354389
0.354471
0.354552
0.354633
0.354714
0.354795
0.354877
0.354958
0.355039
0.35512
0.355202
0.355283
0.355364
0.355446
0.355527
0.355608
0.35569
0.355771
0.355853
0.355934
0.356016
0.356097
0.356179
0.35626
0.356342
0.356423
0.356505
0.356586
0.356668
0.356749
0.356831
0.356913
0.356994
0.357076
0.357158
0.35724
0.357321
0.357403
0.357485
0.357567
0.357648
0.35773
0.357812
0.357894
0.357976
0.358058
0.35814
0.358222
0.358303
0.358385
0.358467
0.358549
0.358631
0.358714
0.358796
0.358878
0.35896
0.359042
0.359124
0.359206
0.359288
0.35937
0.359453
0.359535
0.359617
0.359699
0.359782
0.359864
0.359946
0.360029
0.360111
0.360193
0.360276
0.360358
0.360441
0.360523
0.360605
0.360688
0.36077
0.360853
0.360935
0.361018
0.361101
0.361183
0.361266
0.361348
0.361431
0.361514
0.361596
0.361679
0.361762
0.361845
0.361927
0.36201
0.362093
0.362176
0.362259
0.362342
0.362424
0.362507
0.36259
0.362673
0.362756
0.362839
0.362922
0.363005
0.363088
0.363171
0.363254
0.363338
0.363421
0.363504
0.363587
0.36367
0.363753
0.363837
0.36392
0.364003
0.364086
0.36417
0.364253
0.364336
0.36442
0.364503
0.364587
0.36467
0.364753
0.364837
0.36492
0.365004
0.365087
0.365171
0.365255
0.365338
0.365422
0.365505
0.365589
0.365673
0.365757
0.36584
0.365924
0.366008
0.366092
0.366175
0.366259
0.366343
0.366427
0.366511
0.366595
0.366679
0.366763
0.366847
0.366931
0.367015
0.367099
0.367183
0.367267
0.367351
0.367435
0.367519
0.367603
0.367688
0.367772
0.367856
0.36794
0.368025
0.368109
0.368193
0.368278
0.368362
0.368446
0.368531
0.368615
0.3687
0.368784
0.368869
0.368953
0.369038
0.369123
0.369207
0.369292
0.369376
0.369461
0.369546
0.36963
0.369715
0.3698
0.369885
0.36997
0.370054
0.370139
0.370224
0.370309
0.370394
0.370479
0.370564
0.370649
0.370734
0.370819
0.370904
0.370989
0.371074
0.371159
0.371245
0.37133
0.371415
0.3715
0.371585
0.371671
0.371756
0.371841
0.371927
0.372012
0.372097
0.372183
0.372268
0.372354
0.372439
0.372525
0.37261
0.372696
0.372782
0.372867
0.372953
0.373038
0.373124
0.37321
0.373296
0.373381
0.373467
0.373553
0.373639
0.373725
0.373811
0.373897
0.373982
0.374068
0.374154
0.37424
0.374326
0.374413
0.374499
0.374585
0.374671
0.374757
0.374843
0.374929
0.375016
0.375102
0.375188
0.375275
0.375361
0.375447
0.375534
0.37562
0.375707
0.375793
0.375879
0.375966
0.376053
0.376139
0.376226
0.376312
0.376399
0.376486
0.376572
0.376659
0.376746
0.376833
0.376919
0.377006
0.377093
0.37718
0.377267
0.377354
0.377441
0.377528
0.377615
0.377702
0.377789
0.377876
0.377963
0.37805
0.378138
0.378225
0.378312
0.378399
0.378486
0.378574
0.378661
0.378749
0.378836
0.378923
0.379011
0.379098
0.379186
0.379273
0.379361
0.379448
0.379536
0.379624
0.379711
0.379799
0.379887
0.379974
0.380062
0.38015
0.380238
0.380326
0.380414
0.380502
0.38059
0.380677
0.380765
0.380854
0.380942
0.38103
0.381118
0.381206
0.381294
0.381382
0.38147
0.381559
0.381647
0.381735
0.381824
0.381912
0.382
0.382089
0.382177
0.382266
0.382354
0.382443
0.382531
0.38262
0.382709
0.382797
0.382886
0.382975
0.383063
0.383152
0.383241
0.38333
0.383419
0.383508
0.383596
0.383685
0.383774
0.383863
0.383952
0.384041
0.384131
0.38422
0.384309
0.384398
0.384487
0.384576
0.384666
0.384755
0.384844
0.384934
0.385023
0.385113
0.385202
0.385291
0.385381
0.385471
0.38556
0.38565
0.385739
0.385829
0.385919
0.386008
0.386098
0.386188
0.386278
0.386368
0.386457
0.386547
0.386637
0.386727
0.386817
0.386907
0.386997
0.387087
0.387178
0.387268
0.387358
0.387448
0.387538
0.387629
0.387719
0.387809
0.3879
0.38799
0.38808
0.388171
0.388261
0.388352
0.388443
0.388533
0.388624
0.388714
0.388805
