t [s] , T [K] , Xfront [mm] , sdot [mm/s] , dodt [kg/m^2s] , dcodt [kg/m^2s] , dco2dt [kg/m^2s] , dcdt [kg/m^2s] , dc2dt [kg/m^2s] , dc3dt [kg/m^2s]
0 , 800 , 0 , 0 , 0 , 0 , 0 , 0 , 0 , 0
0.2 , 1016.53 , 9.70111e-05 , 0.000672315 , 3.6119e-10 , 0.00274727 , 5.85081e-05 , 1.93523e-28 , 6.5154e-32 , 9.05277e-30
0.4 , 1116.5 , 0.000269017 , 0.00104608 , 2.16028e-08 , 0.00431132 , 3.33428e-05 , 3.52465e-25 , 3.62091e-28 , 3.18293e-26
0.6 , 1195.88 , 0.000516096 , 0.00142372 , 3.45165e-07 , 0.00588204 , 2.28478e-05 , 5.58191e-23 , 1.2177e-25 , 7.8571e-24
0.8 , 1264.49 , 0.00083923 , 0.00180637 , 2.87717e-06 , 0.00747047 , 1.71323e-05 , 2.6596e-21 , 1.03082e-23 , 5.25265e-22
1 , 1326.12 , 0.00123906 , 0.00218903 , 1.60435e-05 , 0.0090576 , 1.35343e-05 , 6.0729e-20 , 3.7492e-22 , 1.57782e-20
1.2 , 1382.68 , 0.00171393 , 0.00255111 , 6.72512e-05 , 0.0105589 , 1.09713e-05 , 8.38266e-19 , 7.64945e-21 , 2.74155e-19
1.4 , 1435.32 , 0.00225455 , 0.00283176 , 0.000222939 , 0.0117226 , 8.83538e-06 , 8.00383e-18 , 1.02205e-19 , 3.19042e-18
1.6 , 1484.79 , 0.00283328 , 0.00290893 , 0.00058704 , 0.0120435 , 6.73179e-06 , 5.76258e-17 , 9.8741e-19 , 2.73138e-17
1.8 , 1531.62 , 0.00339648 , 0.00266987 , 0.00120384 , 0.0110548 , 4.58705e-06 , 3.31921e-16 , 7.38267e-18 , 1.83466e-16
2 , 1576.21 , 0.00388404 , 0.00218498 , 0.0019257 , 0.00904774 , 2.7282e-06 , 1.5951e-15 , 4.48299e-17 , 1.01203e-15
2.2 , 1618.82 , 0.00426889 , 0.00167964 , 0.0025302 , 0.00695556 , 1.46391e-06 , 6.59129e-15 , 2.28877e-16 , 4.73721e-15
2.4 , 1659.63 , 0.004564 , 0.00129765 , 0.00293695 , 0.00537394 , 7.51754e-07 , 2.39509e-14 , 1.0081e-15 , 1.92803e-14
2.6 , 1698.78 , 0.00479661 , 0.00104902 , 0.00318707 , 0.00434445 , 3.86726e-07 , 7.78949e-14 , 3.90914e-15 , 6.95515e-14
2.8 , 1736.39 , 0.0049897 , 0.000895022 , 0.00334135 , 0.00370675 , 2.04138e-07 , 2.30023e-13 , 1.35674e-14 , 2.25885e-13
3 , 1772.58 , 0.00515836 , 0.00079939 , 0.00344201 , 0.00331074 , 1.11628e-07 , 6.24098e-13 , 4.27232e-14 , 6.69052e-13
3.2 , 1807.43 , 0.00531167 , 0.000738343 , 0.00351303 , 0.00305793 , 6.33751e-08 , 1.57121e-12 , 1.23451e-13 , 1.82674e-12
3.4 , 1841.02 , 0.005455 , 0.000697825 , 0.00356725 , 0.00289014 , 3.73203e-08 , 3.70086e-12 , 3.3045e-13 , 4.6392e-12
3.6 , 1873.42 , 0.00559158 , 0.000669747 , 0.00361152 , 0.00277385 , 2.27453e-08 , 8.21284e-12 , 8.26015e-13 , 1.10423e-11
3.8 , 1904.7 , 0.00572339 , 0.000649425 , 0.00364957 , 0.00268969 , 1.431e-08 , 1.72742e-11 , 1.94141e-12 , 2.47941e-11
4 , 1934.9 , 0.00585167 , 0.000634097 , 0.00368348 , 0.00262621 , 9.26988e-09 , 3.46138e-11 , 4.31576e-12 , 5.28124e-11
4.2 , 1964.07 , 0.00597723 , 0.000622097 , 0.00371446 , 0.00257652 , 6.16802e-09 , 6.6372e-11 , 9.12079e-12 , 1.07233e-10
4.4 , 1992.26 , 0.00610065 , 0.00061239 , 0.00374324 , 0.00253631 , 4.20627e-09 , 1.22263e-10 , 1.84072e-11 , 2.08433e-10
4.6 , 2019.51 , 0.00622229 , 0.000604317 , 0.00377026 , 0.00250288 , 2.93399e-09 , 2.17106e-10 , 3.5615e-11 , 3.89289e-10
4.8 , 2045.86 , 0.00634245 , 0.000597445 , 0.00379582 , 0.00247441 , 2.08954e-09 , 3.72761e-10 , 6.62953e-11 , 7.00932e-10
5 , 2071.34 , 0.00646132 , 0.000591484 , 0.00382012 , 0.00244973 , 1.51694e-09 , 6.20501e-10 , 1.19092e-10 , 1.22026e-09
5.2 , 2095.99 , 0.00657908 , 0.000586234 , 0.00384331 , 0.00242798 , 1.12093e-09 , 1.00382e-09 , 2.07029e-10 , 2.05941e-09
5.4 , 2119.83 , 0.00669585 , 0.00058155 , 0.0038655 , 0.00240857 , 8.41994e-10 , 1.58165e-09 , 3.49151e-10 , 3.37728e-09
5.6 , 2142.9 , 0.00681173 , 0.000577331 , 0.00388677 , 0.00239109 , 6.42158e-10 , 2.43193e-09 , 5.72532e-10 , 5.39319e-09
5.8 , 2165.22 , 0.0069268 , 0.0005735 , 0.00390718 , 0.00237521 , 4.96717e-10 , 3.65548e-09 , 9.14679e-10 , 8.40258e-09
6 , 2186.83 , 0.00704115 , 0.000569996 , 0.00392679 , 0.00236069 , 3.89297e-10 , 5.38003e-09 , 1.42633e-09 , 1.27945e-08
6.2 , 2207.74 , 0.00715482 , 0.000566776 , 0.00394565 , 0.00234733 , 3.08867e-10 , 7.76433e-09 , 2.17459e-09 , 1.90705e-08
6.4 , 2227.99 , 0.00726787 , 0.000563803 , 0.00396381 , 0.00233499 , 2.47869e-10 , 1.10022e-08 , 3.24642e-09 , 2.7865e-08
6.6 , 2247.59 , 0.00738035 , 0.000561048 , 0.00398129 , 0.00232353 , 2.01053e-10 , 1.53263e-08 , 4.75234e-09 , 3.99657e-08
6.8 , 2266.58 , 0.0074923 , 0.000558489 , 0.00399813 , 0.00231288 , 1.64715e-10 , 2.10116e-08 , 6.83031e-09 , 5.63341e-08
7 , 2284.97 , 0.00760375 , 0.000556104 , 0.00401437 , 0.00230293 , 1.36213e-10 , 2.83788e-08 , 9.64971e-09 , 7.8126e-08
7.2 , 2302.79 , 0.00771475 , 0.00055388 , 0.00403003 , 0.00229362 , 1.13636e-10 , 3.7796e-08 , 1.34153e-08 , 1.0671e-07
7.4 , 2320.05 , 0.00782531 , 0.000551802 , 0.00404514 , 0.00228488 , 9.55837e-11 , 4.96814e-08 , 1.83707e-08 , 1.43683e-07
7.6 , 2336.78 , 0.00793548 , 0.000549858 , 0.00405972 , 0.00227668 , 8.10236e-11 , 6.45038e-08 , 2.48027e-08 , 1.9089e-07
7.8 , 2352.99 , 0.00804526 , 0.000548041 , 0.00407381 , 0.00226895 , 6.91828e-11 , 8.27832e-08 , 3.30433e-08 , 2.50427e-07
8 , 2368.71 , 0.0081547 , 0.000546341 , 0.00408741 , 0.00226166 , 5.94782e-11 , 1.0509e-07 , 4.34734e-08 , 3.24658e-07
8.2 , 2383.95 , 0.00826381 , 0.000544753 , 0.00410056 , 0.00225477 , 5.14657e-11 , 1.32046e-07 , 5.65248e-08 , 4.16218e-07
8.4 , 2398.73 , 0.00837261 , 0.000543271 , 0.00411326 , 0.00224826 , 4.48043e-11 , 1.64318e-07 , 7.26814e-08 , 5.28011e-07
8.6 , 2413.07 , 0.00848112 , 0.000541891 , 0.00412555 , 0.00224209 , 3.92295e-11 , 2.02619e-07 , 9.24809e-08 , 6.63213e-07
8.8 , 2426.98 , 0.00858937 , 0.000540609 , 0.00413744 , 0.00223625 , 3.4535e-11 , 2.47705e-07 , 1.16515e-07 , 8.25265e-07
9 , 2440.48 , 0.00869737 , 0.000539422 , 0.00414894 , 0.00223069 , 3.05583e-11 , 3.0037e-07 , 1.45427e-07 , 1.01786e-06
9.2 , 2453.59 , 0.00880514 , 0.00053833 , 0.00416007 , 0.00222541 , 2.71708e-11 , 3.61441e-07 , 1.79917e-07 , 1.24495e-06
9.4 , 2466.31 , 0.0089127 , 0.00053733 , 0.00417085 , 0.00222039 , 2.42698e-11 , 4.31775e-07 , 2.20732e-07 , 1.51069e-06
9.6 , 2478.67 , 0.00902008 , 0.000536421 , 0.00418129 , 0.00221561 , 2.17729e-11 , 5.12257e-07 , 2.68672e-07 , 1.81947e-06
9.8 , 2490.68 , 0.00912728 , 0.000535604 , 0.00419141 , 0.00221105 , 1.96133e-11 , 6.03789e-07 , 3.24579e-07 , 2.17586e-06
10 , 2502.34 , 0.00923432 , 0.000534879 , 0.00420122 , 0.0022067 , 1.7737e-11 , 7.07288e-07 , 3.89342e-07 , 2.58462e-06
10.2 , 2513.68 , 0.00934124 , 0.000534246 , 0.00421073 , 0.00220255 , 1.60996e-11 , 8.23684e-07 , 4.63889e-07 , 3.05064e-06
10.4 , 2524.7 , 0.00944803 , 0.000533706 , 0.00421995 , 0.00219858 , 1.46648e-11 , 9.53911e-07 , 5.49185e-07 , 3.57895e-06
10.6 , 2535.41 , 0.00955472 , 0.000533261 , 0.0042289 , 0.00219478 , 1.34025e-11 , 1.0989e-06 , 6.46224e-07 , 4.17467e-06
10.8 , 2545.84 , 0.00966134 , 0.000532912 , 0.00423759 , 0.00219114 , 1.22878e-11 , 1.25959e-06 , 7.56033e-07 , 4.84301e-06
11 , 2555.98 , 0.0097679 , 0.000532661 , 0.00424602 , 0.00218766 , 1.12999e-11 , 1.4369e-06 , 8.79658e-07 , 5.58924e-06
11.2 , 2565.84 , 0.00987441 , 0.00053251 , 0.00425421 , 0.00218432 , 1.04212e-11 , 1.63174e-06 , 1.01817e-06 , 6.41865e-06
11.4 , 2575.45 , 0.00998091 , 0.00053246 , 0.00426217 , 0.00218111 , 9.63724e-12 , 1.845e-06 , 1.17264e-06 , 7.33654e-06
11.6 , 2584.8 , 0.0100874 , 0.000532515 , 0.0042699 , 0.00217803 , 8.93546e-12 , 2.07756e-06 , 1.34417e-06 , 8.3482e-06
11.8 , 2593.91 , 0.0101939 , 0.000532676 , 0.00427742 , 0.00217508 , 8.30538e-12 , 2.33028e-06 , 1.53386e-06 , 9.4589e-06
12 , 2602.78 , 0.0103005 , 0.000532946 , 0.00428473 , 0.00217224 , 7.73802e-12 , 2.60397e-06 , 1.7428e-06 , 1.06738e-05
12.2 , 2611.43 , 0.0104071 , 0.000533327 , 0.00429185 , 0.0021695 , 7.22573e-12 , 2.89945e-06 , 1.9721e-06 , 1.19982e-05
12.4 , 2619.86 , 0.0105138 , 0.000533822 , 0.00429877 , 0.00216687 , 6.76192e-12 , 3.21747e-06 , 2.22285e-06 , 1.34369e-05
12.6 , 2628.08 , 0.0106206 , 0.000534434 , 0.0043055 , 0.00216433 , 6.34093e-12 , 3.55879e-06 , 2.49612e-06 , 1.4995e-05
12.8 , 2636.09 , 0.0107276 , 0.000535165 , 0.00431207 , 0.00216189 , 5.95787e-12 , 3.92411e-06 , 2.793e-06 , 1.66773e-05
13 , 2643.91 , 0.0108347 , 0.000536017 , 0.00431846 , 0.00215953 , 5.60849e-12 , 4.31409e-06 , 3.11453e-06 , 1.84885e-05
13.2 , 2651.54 , 0.010942 , 0.000536993 , 0.00432468 , 0.00215726 , 5.28912e-12 , 4.72938e-06 , 3.46175e-06 , 2.04331e-05
13.4 , 2658.98 , 0.0110495 , 0.000538095 , 0.00433075 , 0.00215506 , 4.99654e-12 , 5.17057e-06 , 3.83568e-06 , 2.25157e-05
13.6 , 2666.25 , 0.0111573 , 0.000539326 , 0.00433667 , 0.00215294 , 4.72793e-12 , 5.63824e-06 , 4.23731e-06 , 2.47403e-05
13.8 , 2673.35 , 0.0112653 , 0.000540688 , 0.00434243 , 0.00215089 , 4.48085e-12 , 6.13291e-06 , 4.6676e-06 , 2.71112e-05
14 , 2680.28 , 0.0113735 , 0.000542183 , 0.00434806 , 0.00214891 , 4.25311e-12 , 6.65508e-06 , 5.1275e-06 , 2.96322e-05
14.2 , 2687.06 , 0.0114821 , 0.000543813 , 0.00435355 , 0.00214699 , 4.04281e-12 , 7.2052e-06 , 5.61791e-06 , 3.23071e-05
14.4 , 2693.67 , 0.0115911 , 0.00054558 , 0.00435891 , 0.00214513 , 3.84827e-12 , 7.78369e-06 , 6.13972e-06 , 3.51395e-05
14.6 , 2700.15 , 0.0117004 , 0.000547487 , 0.00436415 , 0.00214333 , 3.66798e-12 , 8.39096e-06 , 6.69377e-06 , 3.81327e-05
14.8 , 2706.47 , 0.0118101 , 0.000549534 , 0.00436926 , 0.00214159 , 3.50064e-12 , 9.02734e-06 , 7.28088e-06 , 4.12901e-05
15 , 2712.66 , 0.0119202 , 0.000551724 , 0.00437425 , 0.0021399 , 3.34505e-12 , 9.69316e-06 , 7.90184e-06 , 4.46145e-05
15.2 , 2718.71 , 0.0120308 , 0.000554059 , 0.00437913 , 0.00213826 , 3.20016e-12 , 1.03887e-05 , 8.5574e-06 , 4.8109e-05
15.4 , 2724.64 , 0.0121419 , 0.000556539 , 0.00438389 , 0.00213668 , 3.06503e-12 , 1.11142e-05 , 9.24827e-06 , 5.17762e-05
15.6 , 2730.43 , 0.0122534 , 0.000559167 , 0.00438856 , 0.00213513 , 2.93883e-12 , 1.187e-05 , 9.97514e-06 , 5.56185e-05
15.8 , 2736.11 , 0.0123655 , 0.000561943 , 0.00439311 , 0.00213364 , 2.82079e-12 , 1.26561e-05 , 1.07387e-05 , 5.96384e-05
16 , 2741.66 , 0.0124782 , 0.000564869 , 0.00439757 , 0.00213218 , 2.71024e-12 , 1.34728e-05 , 1.15395e-05 , 6.3838e-05
16.2 , 2747.11 , 0.0125915 , 0.000567946 , 0.00440194 , 0.00213077 , 2.60656e-12 , 1.43202e-05 , 1.23781e-05 , 6.82193e-05
16.4 , 2752.44 , 0.0127054 , 0.000571174 , 0.00440621 , 0.00212939 , 2.50921e-12 , 1.51985e-05 , 1.32552e-05 , 7.27841e-05
16.6 , 2757.66 , 0.01282 , 0.000574556 , 0.00441039 , 0.00212806 , 2.41768e-12 , 1.61076e-05 , 1.41711e-05 , 7.75342e-05
16.8 , 2762.78 , 0.0129352 , 0.000578091 , 0.00441448 , 0.00212676 , 2.33153e-12 , 1.70477e-05 , 1.51265e-05 , 8.24711e-05
17 , 2767.8 , 0.0130512 , 0.000581781 , 0.00441849 , 0.00212549 , 2.25034e-12 , 1.80189e-05 , 1.61218e-05 , 8.75961e-05
17.2 , 2772.72 , 0.013168 , 0.000585625 , 0.00442241 , 0.00212426 , 2.17374e-12 , 1.9021e-05 , 1.71573e-05 , 9.29105e-05
17.4 , 2777.55 , 0.0132855 , 0.000589625 , 0.00442626 , 0.00212306 , 2.10139e-12 , 2.00542e-05 , 1.82335e-05 , 9.84154e-05
17.6 , 2782.28 , 0.0134038 , 0.000593781 , 0.00443003 , 0.00212189 , 2.033e-12 , 2.11185e-05 , 1.93508e-05 , 0.000104112
17.8 , 2786.93 , 0.013523 , 0.000598093 , 0.00443373 , 0.00212075 , 1.96826e-12 , 2.22137e-05 , 2.05094e-05 , 0.00011
18 , 2791.49 , 0.0136431 , 0.000602561 , 0.00443735 , 0.00211963 , 1.90693e-12 , 2.33398e-05 , 2.17098e-05 , 0.000116082
18.2 , 2795.96 , 0.0137641 , 0.000607187 , 0.00444091 , 0.00211855 , 1.84877e-12 , 2.44967e-05 , 2.29521e-05 , 0.000122357
18.4 , 2800.35 , 0.013886 , 0.000611969 , 0.00444439 , 0.00211749 , 1.79357e-12 , 2.56844e-05 , 2.42366e-05 , 0.000128827
18.6 , 2804.67 , 0.0140089 , 0.000616908 , 0.00444782 , 0.00211646 , 1.74113e-12 , 2.69028e-05 , 2.55636e-05 , 0.00013549
18.8 , 2808.9 , 0.0141327 , 0.000622003 , 0.00445117 , 0.00211545 , 1.69126e-12 , 2.81516e-05 , 2.69332e-05 , 0.000142349
19 , 2813.06 , 0.0142577 , 0.000627256 , 0.00445447 , 0.00211447 , 1.6438e-12 , 2.94309e-05 , 2.83457e-05 , 0.000149402
19.2 , 2817.15 , 0.0143837 , 0.000632665 , 0.00445771 , 0.00211351 , 1.5986e-12 , 3.07405e-05 , 2.98011e-05 , 0.00015665
19.4 , 2821.17 , 0.0145108 , 0.00063823 , 0.00446088 , 0.00211257 , 1.55551e-12 , 3.20801e-05 , 3.12997e-05 , 0.000164093
19.6 , 2825.12 , 0.014639 , 0.000643952 , 0.004464 , 0.00211165 , 1.5144e-12 , 3.34497e-05 , 3.28416e-05 , 0.000171731
19.8 , 2829 , 0.0147688 , 0.000652766 , 0.00446707 , 0.00211075 , 1.47516e-12 , 3.66297e-05 , 3.67784e-05 , 0.000180643
20 , 2832.82 , 0.0149 , 0.000658919 , 0.00447008 , 0.00210987 , 1.43766e-12 , 3.81253e-05 , 3.85078e-05 , 0.000188717
20.2 , 2836.57 , 0.0150324 , 0.000665238 , 0.00447304 , 0.00210901 , 1.40181e-12 , 3.96564e-05 , 4.02916e-05 , 0.000196985
20.4 , 2840.26 , 0.0151661 , 0.000671714 , 0.00447595 , 0.00210817 , 1.3675e-12 , 4.12181e-05 , 4.21217e-05 , 0.000205448
20.6 , 2843.89 , 0.0153011 , 0.000678346 , 0.00447881 , 0.00210735 , 1.33466e-12 , 4.28102e-05 , 4.39982e-05 , 0.000214106
20.8 , 2847.47 , 0.0154375 , 0.000685136 , 0.00448163 , 0.00210655 , 1.30319e-12 , 4.44324e-05 , 4.59209e-05 , 0.000222956
21 , 2850.98 , 0.0155752 , 0.00069208 , 0.00448439 , 0.00210576 , 1.27302e-12 , 4.60845e-05 , 4.789e-05 , 0.000232
21.2 , 2854.44 , 0.0157143 , 0.00069918 , 0.00448711 , 0.00210499 , 1.24407e-12 , 4.77663e-05 , 4.99054e-05 , 0.000241236
21.4 , 2857.85 , 0.0158549 , 0.000706434 , 0.00448979 , 0.00210423 , 1.21628e-12 , 4.94775e-05 , 5.19671e-05 , 0.000250663
21.6 , 2861.2 , 0.0159969 , 0.000713842 , 0.00449242 , 0.00210349 , 1.18959e-12 , 5.1218e-05 , 5.40749e-05 , 0.000260281
21.8 , 2864.51 , 0.0161404 , 0.000721402 , 0.00449502 , 0.00210276 , 1.16394e-12 , 5.29873e-05 , 5.62288e-05 , 0.000270089
22 , 2867.76 , 0.0162855 , 0.000729115 , 0.00449757 , 0.00210205 , 1.13928e-12 , 5.47854e-05 , 5.84287e-05 , 0.000280086
22.2 , 2870.96 , 0.0164321 , 0.000736979 , 0.00450008 , 0.00210135 , 1.11554e-12 , 5.66119e-05 , 6.06745e-05 , 0.000290271
22.4 , 2874.12 , 0.0165803 , 0.000744992 , 0.00450255 , 0.00210067 , 1.09269e-12 , 5.84665e-05 , 6.29661e-05 , 0.000300643
22.6 , 2877.23 , 0.0167301 , 0.000753156 , 0.00450499 , 0.0021 , 1.07068e-12 , 6.0349e-05 , 6.53034e-05 , 0.000311201
22.8 , 2880.29 , 0.0168816 , 0.000761468 , 0.00450739 , 0.00209934 , 1.04947e-12 , 6.22592e-05 , 6.76862e-05 , 0.000321944
23 , 2883.31 , 0.0170347 , 0.000769927 , 0.00450975 , 0.00209869 , 1.02902e-12 , 6.41968e-05 , 7.01144e-05 , 0.000332871
23.2 , 2886.29 , 0.0171896 , 0.000778533 , 0.00451208 , 0.00209805 , 1.00929e-12 , 6.61614e-05 , 7.25878e-05 , 0.000343981
23.4 , 2889.22 , 0.0173461 , 0.000787285 , 0.00451437 , 0.00209743 , 9.90252e-13 , 6.81528e-05 , 7.51062e-05 , 0.000355273
23.6 , 2892.12 , 0.0175045 , 0.000796182 , 0.00451663 , 0.00209682 , 9.71865e-13 , 7.01709e-05 , 7.76696e-05 , 0.000366746
23.8 , 2894.97 , 0.0176646 , 0.000805222 , 0.00451886 , 0.00209622 , 9.54102e-13 , 7.22151e-05 , 8.02776e-05 , 0.000378397
24 , 2897.78 , 0.0178266 , 0.000814405 , 0.00452105 , 0.00209563 , 9.36935e-13 , 7.42854e-05 , 8.29301e-05 , 0.000390228
24.2 , 2900.56 , 0.0179904 , 0.00082373 , 0.00452322 , 0.00209505 , 9.20336e-13 , 7.63815e-05 , 8.56269e-05 , 0.000402235
24.4 , 2903.3 , 0.0181561 , 0.000833195 , 0.00452535 , 0.00209448 , 9.04278e-13 , 7.85029e-05 , 8.83678e-05 , 0.000414418
24.6 , 2906 , 0.0183237 , 0.0008428 , 0.00452746 , 0.00209392 , 8.88739e-13 , 8.06496e-05 , 9.11525e-05 , 0.000426775
24.8 , 2908.66 , 0.0184933 , 0.000852543 , 0.00452953 , 0.00209336 , 8.73695e-13 , 8.28211e-05 , 9.3981e-05 , 0.000439306
25 , 2911.29 , 0.0186648 , 0.000862424 , 0.00453158 , 0.00209282 , 8.59124e-13 , 8.50173e-05 , 9.68528e-05 , 0.000452009
25.2 , 2913.89 , 0.0188382 , 0.000872441 , 0.0045336 , 0.00209229 , 8.45006e-13 , 8.72378e-05 , 9.97678e-05 , 0.000464882
25.4 , 2916.45 , 0.0190137 , 0.000882594 , 0.00453559 , 0.00209177 , 8.31321e-13 , 8.94825e-05 , 0.000102726 , 0.000477925
25.6 , 2918.98 , 0.0191913 , 0.000892881 , 0.00453756 , 0.00209125 , 8.18052e-13 , 9.17509e-05 , 0.000105727 , 0.000491136
25.8 , 2921.48 , 0.0193709 , 0.0009033 , 0.0045395 , 0.00209074 , 8.05181e-13 , 9.40428e-05 , 0.00010877 , 0.000504513
26 , 2923.94 , 0.0195526 , 0.000913852 , 0.00454141 , 0.00209024 , 7.92691e-13 , 9.6358e-05 , 0.000111855 , 0.000518056
26.2 , 2926.38 , 0.0197365 , 0.000924535 , 0.00454331 , 0.00208975 , 7.80567e-13 , 9.86962e-05 , 0.000114982 , 0.000531763
26.4 , 2928.78 , 0.0199225 , 0.000935347 , 0.00454517 , 0.00208927 , 7.68794e-13 , 0.000101057 , 0.000118151 , 0.000545632
26.6 , 2931.16 , 0.0201106 , 0.000946289 , 0.00454701 , 0.00208879 , 7.57358e-13 , 0.00010344 , 0.000121362 , 0.000559663
26.8 , 2933.51 , 0.020301 , 0.000957357 , 0.00454883 , 0.00208833 , 7.46246e-13 , 0.000105846 , 0.000124614 , 0.000573853
27 , 2935.82 , 0.0204936 , 0.000968552 , 0.00455063 , 0.00208786 , 7.35445e-13 , 0.000108273 , 0.000127906 , 0.000588202
27.2 , 2938.11 , 0.0206884 , 0.000979873 , 0.00455241 , 0.00208741 , 7.24943e-13 , 0.000110723 , 0.000131239 , 0.000602708
27.4 , 2940.38 , 0.0208856 , 0.000991317 , 0.00455416 , 0.00208696 , 7.14728e-13 , 0.000113193 , 0.000134613 , 0.00061737
27.6 , 2942.61 , 0.021085 , 0.00100288 , 0.00455589 , 0.00208652 , 7.0479e-13 , 0.000115685 , 0.000138026 , 0.000632186
27.8 , 2944.82 , 0.0212867 , 0.00101457 , 0.0045576 , 0.00208609 , 6.95118e-13 , 0.000118197 , 0.000141479 , 0.000647155
28 , 2947.01 , 0.0214908 , 0.00102638 , 0.00455929 , 0.00208566 , 6.85702e-13 , 0.00012073 , 0.000144972 , 0.000662276
28.2 , 2949.17 , 0.0216973 , 0.00103831 , 0.00456096 , 0.00208524 , 6.76533e-13 , 0.000123283 , 0.000148504 , 0.000677546
28.4 , 2951.3 , 0.0219062 , 0.00105036 , 0.00456261 , 0.00208482 , 6.67602e-13 , 0.000125857 , 0.000152075 , 0.000692966
28.6 , 2953.41 , 0.0221175 , 0.00106253 , 0.00456424 , 0.00208441 , 6.589e-13 , 0.00012845 , 0.000155685 , 0.000708532
28.8 , 2955.5 , 0.0223312 , 0.00107481 , 0.00456585 , 0.00208401 , 6.50419e-13 , 0.000131063 , 0.000159332 , 0.000724245
29 , 2957.56 , 0.0225474 , 0.00108721 , 0.00456745 , 0.00208361 , 6.42152e-13 , 0.000133695 , 0.000163018 , 0.000740102
29.2 , 2959.6 , 0.0227661 , 0.00109972 , 0.00456902 , 0.00208322 , 6.3409e-13 , 0.000136346 , 0.000166742 , 0.000756102
29.4 , 2961.62 , 0.0229873 , 0.00111234 , 0.00457058 , 0.00208283 , 6.26227e-13 , 0.000139016 , 0.000170503 , 0.000772244
29.6 , 2963.62 , 0.0232111 , 0.00112508 , 0.00457212 , 0.00208245 , 6.18555e-13 , 0.000141705 , 0.000174301 , 0.000788526
29.8 , 2965.59 , 0.0234374 , 0.00113792 , 0.00457364 , 0.00208207 , 6.11069e-13 , 0.000144412 , 0.000178136 , 0.000804947
30 , 2967.55 , 0.0236663 , 0.00115088 , 0.00457515 , 0.0020817 , 6.03762e-13 , 0.000147137 , 0.000182008 , 0.000821506
30.2 , 2969.48 , 0.0238978 , 0.00116394 , 0.00457664 , 0.00208133 , 5.96628e-13 , 0.00014988 , 0.000185915 , 0.000838201
30.4 , 2971.39 , 0.0241319 , 0.00117711 , 0.00457811 , 0.00208097 , 5.89661e-13 , 0.000152641 , 0.000189859 , 0.00085503
30.6 , 2973.28 , 0.0243686 , 0.00119039 , 0.00457957 , 0.00208061 , 5.82856e-13 , 0.000155418 , 0.000193839 , 0.000871993
30.8 , 2975.15 , 0.024608 , 0.00120377 , 0.00458101 , 0.00208026 , 5.76208e-13 , 0.000158213 , 0.000197853 , 0.000889088
31 , 2977.01 , 0.0248501 , 0.00121726 , 0.00458244 , 0.00207991 , 5.69711e-13 , 0.000161025 , 0.000201903 , 0.000906314
31.2 , 2978.84 , 0.025095 , 0.00123085 , 0.00458385 , 0.00207957 , 5.6336e-13 , 0.000163854 , 0.000205988 , 0.000923668
31.4 , 2980.65 , 0.0253425 , 0.00124454 , 0.00458524 , 0.00207923 , 5.57152e-13 , 0.000166699 , 0.000210107 , 0.000941151
31.6 , 2982.45 , 0.0255928 , 0.00125833 , 0.00458663 , 0.00207889 , 5.51081e-13 , 0.00016956 , 0.00021426 , 0.00095876
31.8 , 2984.23 , 0.0258459 , 0.00127222 , 0.00458799 , 0.00207856 , 5.45144e-13 , 0.000172437 , 0.000218447 , 0.000976494
32 , 2985.99 , 0.0261017 , 0.00128621 , 0.00458935 , 0.00207824 , 5.39336e-13 , 0.00017533 , 0.000222667 , 0.000994352
32.2 , 2987.73 , 0.0263604 , 0.0013003 , 0.00459069 , 0.00207791 , 5.33653e-13 , 0.000178238 , 0.00022692 , 0.00101233
32.4 , 2989.46 , 0.0266218 , 0.00131448 , 0.00459201 , 0.0020776 , 5.28091e-13 , 0.000181162 , 0.000231207 , 0.00103043
32.6 , 2991.17 , 0.0268862 , 0.00132876 , 0.00459332 , 0.00207728 , 5.22648e-13 , 0.000184101 , 0.000235526 , 0.00104866
32.8 , 2992.86 , 0.0271534 , 0.00134313 , 0.00459462 , 0.00207697 , 5.17318e-13 , 0.000187055 , 0.000239877 , 0.00106699
33 , 2994.53 , 0.0274234 , 0.0013576 , 0.00459591 , 0.00207666 , 5.121e-13 , 0.000190023 , 0.000244261 , 0.00108545
33.2 , 2996.19 , 0.0276964 , 0.00137215 , 0.00459718 , 0.00207636 , 5.06989e-13 , 0.000193006 , 0.000248676 , 0.00110402
33.4 , 2997.84 , 0.0279723 , 0.0013868 , 0.00459844 , 0.00207606 , 5.01983e-13 , 0.000196003 , 0.000253122 , 0.00112271
33.6 , 2999.47 , 0.0282512 , 0.00140154 , 0.00459969 , 0.00207576 , 4.97078e-13 , 0.000199014 , 0.0002576 , 0.00114151
33.8 , 3001.07 , 0.028533 , 0.00141626 , 0.00460092 , 0.00207547 , 4.92307e-13 , 0.000202017 , 0.000262076 , 0.00116029
34 , 3002.63 , 0.0288177 , 0.00143087 , 0.00460212 , 0.00207519 , 4.87692e-13 , 0.000204992 , 0.00026652 , 0.00117891
34.2 , 3004.17 , 0.0291053 , 0.00144547 , 0.0046033 , 0.00207491 , 4.83195e-13 , 0.000207962 , 0.000270966 , 0.00119753
34.4 , 3005.69 , 0.0293959 , 0.00146008 , 0.00460446 , 0.00207464 , 4.78803e-13 , 0.00021093 , 0.000275419 , 0.00121616
34.6 , 3007.19 , 0.0296894 , 0.00147472 , 0.00460561 , 0.00207437 , 4.74509e-13 , 0.000213901 , 0.000279886 , 0.00123483
34.8 , 3008.68 , 0.0299858 , 0.0014894 , 0.00460675 , 0.0020741 , 4.70306e-13 , 0.000216876 , 0.000284367 , 0.00125355
35 , 3010.14 , 0.0302852 , 0.00150413 , 0.00460787 , 0.00207384 , 4.6619e-13 , 0.000219855 , 0.000288865 , 0.00127232
35.2 , 3011.6 , 0.0305875 , 0.0015189 , 0.00460898 , 0.00207358 , 4.62158e-13 , 0.00022284 , 0.00029338 , 0.00129115
35.4 , 3013.03 , 0.0308927 , 0.00153371 , 0.00461008 , 0.00207332 , 4.58205e-13 , 0.000225831 , 0.000297914 , 0.00131003
35.6 , 3014.46 , 0.031201 , 0.00154858 , 0.00461117 , 0.00207307 , 4.54329e-13 , 0.000228828 , 0.000302466 , 0.00132899
35.8 , 3015.86 , 0.0315122 , 0.00156351 , 0.00461225 , 0.00207281 , 4.50527e-13 , 0.000231832 , 0.000307038 , 0.001348
36 , 3017.26 , 0.0318264 , 0.00157848 , 0.00461331 , 0.00207257 , 4.46796e-13 , 0.000234843 , 0.000311629 , 0.00136709
36.2 , 3018.64 , 0.0321436 , 0.00159351 , 0.00461437 , 0.00207232 , 4.43135e-13 , 0.000237861 , 0.00031624 , 0.00138624
36.4 , 3020.01 , 0.0324638 , 0.00160859 , 0.00461542 , 0.00207208 , 4.39541e-13 , 0.000240887 , 0.00032087 , 0.00140545
36.6 , 3021.36 , 0.032787 , 0.00162372 , 0.00461645 , 0.00207184 , 4.36011e-13 , 0.000243919 , 0.000325521 , 0.00142474
36.8 , 3022.71 , 0.0331133 , 0.00163891 , 0.00461748 , 0.0020716 , 4.32545e-13 , 0.000246959 , 0.000330191 , 0.00144409
37 , 3024.04 , 0.0334426 , 0.00165416 , 0.00461849 , 0.00207137 , 4.2914e-13 , 0.000250006 , 0.000334881 , 0.00146351
37.2 , 3025.36 , 0.033775 , 0.00166945 , 0.0046195 , 0.00207114 , 4.25795e-13 , 0.00025306 , 0.000339591 , 0.001483
37.4 , 3026.67 , 0.0341104 , 0.00168481 , 0.0046205 , 0.00207091 , 4.22507e-13 , 0.000256122 , 0.000344322 , 0.00150256
37.6 , 3027.96 , 0.0344489 , 0.00170021 , 0.00462149 , 0.00207068 , 4.19276e-13 , 0.000259192 , 0.000349072 , 0.00152218
37.8 , 3029.25 , 0.0347905 , 0.00171567 , 0.00462247 , 0.00207046 , 4.16099e-13 , 0.000262268 , 0.000353842 , 0.00154187
38 , 3030.52 , 0.0351352 , 0.00173119 , 0.00462344 , 0.00207024 , 4.12975e-13 , 0.000265352 , 0.000358632 , 0.00156163
38.2 , 3031.79 , 0.035483 , 0.00174676 , 0.00462441 , 0.00207002 , 4.09904e-13 , 0.000268443 , 0.000363441 , 0.00158146
38.4 , 3033.04 , 0.035834 , 0.00176238 , 0.00462536 , 0.0020698 , 4.06883e-13 , 0.000271541 , 0.00036827 , 0.00160136
38.6 , 3034.28 , 0.036188 , 0.00177805 , 0.00462631 , 0.00206958 , 4.03911e-13 , 0.000274647 , 0.000373118 , 0.00162132
38.8 , 3035.52 , 0.0365452 , 0.00179378 , 0.00462725 , 0.00206937 , 4.00988e-13 , 0.000277759 , 0.000377986 , 0.00164134
39 , 3036.74 , 0.0369055 , 0.00180956 , 0.00462818 , 0.00206916 , 3.98111e-13 , 0.000280879 , 0.000382872 , 0.00166143
39.2 , 3037.95 , 0.037269 , 0.00182539 , 0.00462911 , 0.00206895 , 3.9528e-13 , 0.000284005 , 0.000387778 , 0.00168159
39.4 , 3039.16 , 0.0376357 , 0.00184127 , 0.00463002 , 0.00206874 , 3.92494e-13 , 0.000287138 , 0.000392703 , 0.00170181
39.6 , 3040.35 , 0.0380056 , 0.0018572 , 0.00463093 , 0.00206854 , 3.89751e-13 , 0.000290278 , 0.000397646 , 0.00172209
39.8 , 3041.53 , 0.0383786 , 0.00187318 , 0.00463184 , 0.00206833 , 3.87051e-13 , 0.000293425 , 0.000402609 , 0.00174244
40 , 3042.71 , 0.0387549 , 0.00188922 , 0.00463273 , 0.00206813 , 3.84392e-13 , 0.000296579 , 0.00040759 , 0.00176285
40.2 , 3043.88 , 0.0391343 , 0.0019053 , 0.00463362 , 0.00206793 , 3.81774e-13 , 0.000299739 , 0.000412589 , 0.00178332
40.4 , 3045.03 , 0.039517 , 0.00192143 , 0.0046345 , 0.00206773 , 3.79196e-13 , 0.000302906 , 0.000417606 , 0.00180386
40.6 , 3046.18 , 0.0399029 , 0.00193761 , 0.00463537 , 0.00206754 , 3.76656e-13 , 0.000306078 , 0.000422642 , 0.00182445
40.8 , 3047.32 , 0.0402921 , 0.00195384 , 0.00463624 , 0.00206734 , 3.74155e-13 , 0.000309258 , 0.000427695 , 0.0018451
41 , 3048.45 , 0.0406845 , 0.00197011 , 0.0046371 , 0.00206715 , 3.7169e-13 , 0.000312443 , 0.000432766 , 0.00186582
41.2 , 3049.57 , 0.0410801 , 0.00198643 , 0.00463795 , 0.00206696 , 3.69262e-13 , 0.000315635 , 0.000437855 , 0.00188659
41.4 , 3050.69 , 0.0414791 , 0.0020028 , 0.0046388 , 0.00206677 , 3.6687e-13 , 0.000318832 , 0.000442961 , 0.00190742
41.6 , 3051.79 , 0.0418813 , 0.00201922 , 0.00463964 , 0.00206659 , 3.64512e-13 , 0.000322036 , 0.000448084 , 0.00192831
41.8 , 3052.89 , 0.0422868 , 0.00203568 , 0.00464048 , 0.0020664 , 3.62188e-13 , 0.000325246 , 0.000453224 , 0.00194926
42 , 3053.98 , 0.0426956 , 0.00205218 , 0.0046413 , 0.00206622 , 3.59897e-13 , 0.000328461 , 0.000458382 , 0.00197026
42.2 , 3055.06 , 0.0431077 , 0.00206873 , 0.00464213 , 0.00206603 , 3.57638e-13 , 0.000331683 , 0.000463556 , 0.00199132
42.4 , 3056.14 , 0.0435231 , 0.00208533 , 0.00464294 , 0.00206585 , 3.55412e-13 , 0.000334909 , 0.000468747 , 0.00201243
42.6 , 3057.2 , 0.0439418 , 0.00210197 , 0.00464375 , 0.00206568 , 3.53217e-13 , 0.000338142 , 0.000473955 , 0.0020336
42.8 , 3058.26 , 0.0443639 , 0.00211865 , 0.00464455 , 0.0020655 , 3.51052e-13 , 0.00034138 , 0.000479179 , 0.00205483
43 , 3059.31 , 0.0447893 , 0.00213537 , 0.00464535 , 0.00206532 , 3.48918e-13 , 0.000344623 , 0.000484418 , 0.0020761
43.2 , 3060.36 , 0.045218 , 0.00215214 , 0.00464615 , 0.00206515 , 3.46812e-13 , 0.000347871 , 0.000489674 , 0.00209743
43.4 , 3061.39 , 0.0456502 , 0.00216894 , 0.00464693 , 0.00206497 , 3.44736e-13 , 0.000351125 , 0.000494946 , 0.00211881
43.6 , 3062.42 , 0.0460856 , 0.00218579 , 0.00464771 , 0.0020648 , 3.42687e-13 , 0.000354383 , 0.000500233 , 0.00214024
43.8 , 3063.44 , 0.0465245 , 0.00220268 , 0.00464849 , 0.00206463 , 3.40667e-13 , 0.000357647 , 0.000505535 , 0.00216172
44 , 3064.46 , 0.0469667 , 0.0022196 , 0.00464926 , 0.00206446 , 3.38673e-13 , 0.000360916 , 0.000510853 , 0.00218326
44.2 , 3065.47 , 0.0474123 , 0.00223657 , 0.00465002 , 0.0020643 , 3.36706e-13 , 0.000364189 , 0.000516186 , 0.00220484
44.4 , 3066.47 , 0.0478614 , 0.00225358 , 0.00465078 , 0.00206413 , 3.34765e-13 , 0.000367468 , 0.000521534 , 0.00222647
44.6 , 3067.46 , 0.0483138 , 0.00227062 , 0.00465154 , 0.00206397 , 3.32849e-13 , 0.000370751 , 0.000526897 , 0.00224815
44.8 , 3068.45 , 0.0487696 , 0.00228771 , 0.00465228 , 0.0020638 , 3.30959e-13 , 0.000374038 , 0.000532275 , 0.00226988
45 , 3069.43 , 0.0492289 , 0.00230483 , 0.00465303 , 0.00206364 , 3.29093e-13 , 0.00037733 , 0.000537667 , 0.00229165
45.2 , 3070.4 , 0.0496916 , 0.00232198 , 0.00465377 , 0.00206348 , 3.27251e-13 , 0.000380627 , 0.000543073 , 0.00231347
45.4 , 3071.37 , 0.0501577 , 0.00233918 , 0.0046545 , 0.00206332 , 3.25432e-13 , 0.000383927 , 0.000548493 , 0.00233534
45.6 , 3072.33 , 0.0506273 , 0.00235641 , 0.00465523 , 0.00206316 , 3.23637e-13 , 0.000387232 , 0.000553928 , 0.00235725
45.8 , 3073.29 , 0.0511003 , 0.00237367 , 0.00465595 , 0.00206301 , 3.21865e-13 , 0.000390541 , 0.000559376 , 0.0023792
46 , 3074.24 , 0.0515768 , 0.00239097 , 0.00465667 , 0.00206285 , 3.20115e-13 , 0.000393854 , 0.000564837 , 0.0024012
46.2 , 3075.18 , 0.0520567 , 0.0024083 , 0.00465738 , 0.0020627 , 3.18388e-13 , 0.000397171 , 0.000570312 , 0.00242324
46.4 , 3076.11 , 0.0525401 , 0.00242567 , 0.00465809 , 0.00206254 , 3.16681e-13 , 0.000400492 , 0.000575801 , 0.00244532
46.6 , 3077.04 , 0.053027 , 0.00244307 , 0.00465879 , 0.00206239 , 3.14996e-13 , 0.000403817 , 0.000581302 , 0.00246745
46.8 , 3077.97 , 0.0535174 , 0.0024605 , 0.00465949 , 0.00206224 , 3.13332e-13 , 0.000407146 , 0.000586817 , 0.00248961
47 , 3078.88 , 0.0540112 , 0.00247797 , 0.00466019 , 0.00206209 , 3.11688e-13 , 0.000410478 , 0.000592344 , 0.00251182
47.2 , 3079.8 , 0.0545086 , 0.00249547 , 0.00466088 , 0.00206194 , 3.10064e-13 , 0.000413814 , 0.000597884 , 0.00253407
47.4 , 3080.7 , 0.0550094 , 0.002513 , 0.00466156 , 0.0020618 , 3.08459e-13 , 0.000417153 , 0.000603437 , 0.00255635
47.6 , 3081.6 , 0.0555138 , 0.00253056 , 0.00466225 , 0.00206165 , 3.06875e-13 , 0.000420495 , 0.000609002 , 0.00257868
47.8 , 3082.5 , 0.0560217 , 0.00254815 , 0.00466292 , 0.00206151 , 3.05309e-13 , 0.000423841 , 0.000614579 , 0.00260104
48 , 3083.39 , 0.0565331 , 0.00256577 , 0.00466359 , 0.00206136 , 3.03762e-13 , 0.00042719 , 0.000620168 , 0.00262344
48.2 , 3084.27 , 0.057048 , 0.00258342 , 0.00466426 , 0.00206122 , 3.02233e-13 , 0.000430543 , 0.000625769 , 0.00264588
48.4 , 3085.15 , 0.0575664 , 0.0026011 , 0.00466493 , 0.00206108 , 3.00722e-13 , 0.000433898 , 0.000631382 , 0.00266835
48.6 , 3086.02 , 0.0580884 , 0.00261881 , 0.00466559 , 0.00206094 , 2.99229e-13 , 0.000437256 , 0.000637006 , 0.00269086
48.8 , 3086.89 , 0.058614 , 0.00263654 , 0.00466624 , 0.0020608 , 2.97754e-13 , 0.000440617 , 0.000642641 , 0.0027134
49 , 3087.75 , 0.0591431 , 0.0026543 , 0.00466689 , 0.00206066 , 2.96295e-13 , 0.000443981 , 0.000648288 , 0.00273598
49.2 , 3088.6 , 0.0596757 , 0.00267209 , 0.00466754 , 0.00206052 , 2.94854e-13 , 0.000447348 , 0.000653945 , 0.00275859
49.4 , 3089.46 , 0.0602119 , 0.00268991 , 0.00466818 , 0.00206038 , 2.93429e-13 , 0.000450717 , 0.000659614 , 0.00278124
49.6 , 3090.3 , 0.0607517 , 0.00270775 , 0.00466882 , 0.00206025 , 2.9202e-13 , 0.000454089 , 0.000665293 , 0.00280392
49.8 , 3091.14 , 0.0612951 , 0.00272562 , 0.00466946 , 0.00206011 , 2.90628e-13 , 0.000457464 , 0.000670983 , 0.00282663
50 , 3091.98 , 0.061842 , 0.00274352 , 0.00467009 , 0.00205998 , 2.89251e-13 , 0.000460841 , 0.000676683 , 0.00284937
50.2 , 3092.81 , 0.0623925 , 0.00276143 , 0.00467071 , 0.00205985 , 2.8789e-13 , 0.00046422 , 0.000682394 , 0.00287214
50.4 , 3093.63 , 0.0629466 , 0.00277938 , 0.00467134 , 0.00205972 , 2.86544e-13 , 0.000467602 , 0.000688115 , 0.00289494
50.6 , 3094.45 , 0.0635043 , 0.00279735 , 0.00467196 , 0.00205959 , 2.85213e-13 , 0.000470985 , 0.000693846 , 0.00291778
50.8 , 3095.27 , 0.0640655 , 0.00281534 , 0.00467257 , 0.00205946 , 2.83897e-13 , 0.000474371 , 0.000699586 , 0.00294064
51 , 3096.08 , 0.0646304 , 0.00283335 , 0.00467318 , 0.00205933 , 2.82595e-13 , 0.000477759 , 0.000705336 , 0.00296353
51.2 , 3096.89 , 0.0651989 , 0.00285138 , 0.00467379 , 0.0020592 , 2.81308e-13 , 0.000481149 , 0.000711096 , 0.00298645
51.4 , 3097.69 , 0.065771 , 0.00286944 , 0.0046744 , 0.00205907 , 2.80035e-13 , 0.000484541 , 0.000716865 , 0.00300939
51.6 , 3098.48 , 0.0663467 , 0.00288752 , 0.004675 , 0.00205895 , 2.78775e-13 , 0.000487935 , 0.000722643 , 0.00303236
51.8 , 3099.27 , 0.066926 , 0.00290562 , 0.00467559 , 0.00205882 , 2.7753e-13 , 0.00049133 , 0.00072843 , 0.00305536
52 , 3100.06 , 0.067509 , 0.00292374 , 0.00467619 , 0.0020587 , 2.76298e-13 , 0.000494727 , 0.000734226 , 0.00307838
52.2 , 3100.84 , 0.0680955 , 0.00294188 , 0.00467678 , 0.00205857 , 2.75079e-13 , 0.000498126 , 0.00074003 , 0.00310143
52.4 , 3101.62 , 0.0686857 , 0.00296004 , 0.00467736 , 0.00205845 , 2.73873e-13 , 0.000501526 , 0.000745844 , 0.00312451
52.6 , 3102.39 , 0.0692796 , 0.00297822 , 0.00467795 , 0.00205833 , 2.7268e-13 , 0.000504928 , 0.000751666 , 0.00314761
52.8 , 3103.16 , 0.069877 , 0.00299642 , 0.00467853 , 0.00205821 , 2.71499e-13 , 0.000508331 , 0.000757496 , 0.00317073
53 , 3103.93 , 0.0704781 , 0.00301464 , 0.0046791 , 0.00205809 , 2.70332e-13 , 0.000511736 , 0.000763335 , 0.00319387
53.2 , 3104.69 , 0.0710829 , 0.00303287 , 0.00467967 , 0.00205797 , 2.69176e-13 , 0.000515142 , 0.000769181 , 0.00321704
53.4 , 3105.44 , 0.0716913 , 0.00305113 , 0.00468024 , 0.00205785 , 2.68032e-13 , 0.000518549 , 0.000775036 , 0.00324023
53.6 , 3106.19 , 0.0723034 , 0.0030694 , 0.00468081 , 0.00205773 , 2.669e-13 , 0.000521957 , 0.000780898 , 0.00326344
53.8 , 3106.94 , 0.0729191 , 0.00308769 , 0.00468137 , 0.00205762 , 2.6578e-13 , 0.000525366 , 0.000786767 , 0.00328668
54 , 3107.68 , 0.0735385 , 0.00310599 , 0.00468193 , 0.0020575 , 2.64672e-13 , 0.000528776 , 0.000792645 , 0.00330993
54.2 , 3108.42 , 0.0741615 , 0.00312431 , 0.00468249 , 0.00205738 , 2.63575e-13 , 0.000532188 , 0.000798529 , 0.0033332
54.4 , 3109.15 , 0.0747882 , 0.00314265 , 0.00468304 , 0.00205727 , 2.62489e-13 , 0.0005356 , 0.000804421 , 0.00335649
54.6 , 3109.88 , 0.0754186 , 0.003161 , 0.00468359 , 0.00205716 , 2.61414e-13 , 0.000539012 , 0.000810319 , 0.0033798
54.8 , 3110.61 , 0.0760526 , 0.00317936 , 0.00468414 , 0.00205704 , 2.60351e-13 , 0.000542426 , 0.000816224 , 0.00340313
55 , 3111.33 , 0.0766904 , 0.00319774 , 0.00468468 , 0.00205693 , 2.59297e-13 , 0.00054584 , 0.000822136 , 0.00342648
55.2 , 3112.05 , 0.0773318 , 0.00321614 , 0.00468522 , 0.00205682 , 2.58255e-13 , 0.000549255 , 0.000828055 , 0.00344984
55.4 , 3112.76 , 0.0779768 , 0.00323454 , 0.00468576 , 0.00205671 , 2.57223e-13 , 0.00055267 , 0.00083398 , 0.00347322
55.6 , 3113.47 , 0.0786256 , 0.00325296 , 0.00468629 , 0.0020566 , 2.56201e-13 , 0.000556086 , 0.000839912 , 0.00349661
55.8 , 3114.18 , 0.079278 , 0.0032714 , 0.00468682 , 0.00205649 , 2.55189e-13 , 0.000559502 , 0.00084585 , 0.00352003
56 , 3114.88 , 0.0799342 , 0.00328984 , 0.00468735 , 0.00205638 , 2.54188e-13 , 0.000562919 , 0.000851794 , 0.00354346
56.2 , 3115.58 , 0.080594 , 0.0033083 , 0.00468788 , 0.00205627 , 2.53196e-13 , 0.000566336 , 0.000857744 , 0.0035669
56.4 , 3116.27 , 0.0812575 , 0.00332677 , 0.0046884 , 0.00205616 , 2.52214e-13 , 0.000569753 , 0.000863699 , 0.00359036
56.6 , 3116.96 , 0.0819247 , 0.00334526 , 0.00468892 , 0.00205606 , 2.51241e-13 , 0.000573171 , 0.000869661 , 0.00361383
56.8 , 3117.65 , 0.0825956 , 0.00336375 , 0.00468944 , 0.00205595 , 2.50278e-13 , 0.000576588 , 0.000875628 , 0.00363731
57 , 3118.33 , 0.0832702 , 0.00338225 , 0.00468995 , 0.00205585 , 2.49324e-13 , 0.000580006 , 0.000881601 , 0.00366081
57.2 , 3119.01 , 0.0839485 , 0.00340076 , 0.00469046 , 0.00205574 , 2.48379e-13 , 0.000583423 , 0.000887578 , 0.00368432
57.4 , 3119.69 , 0.0846306 , 0.00341929 , 0.00469097 , 0.00205564 , 2.47444e-13 , 0.000586841 , 0.000893561 , 0.00370784
57.6 , 3120.36 , 0.0853163 , 0.00343782 , 0.00469147 , 0.00205553 , 2.46517e-13 , 0.000590258 , 0.000899549 , 0.00373138
57.8 , 3121.03 , 0.0860057 , 0.00345636 , 0.00469197 , 0.00205543 , 2.45599e-13 , 0.000593675 , 0.000905542 , 0.00375492
58 , 3121.69 , 0.0866988 , 0.00347491 , 0.00469247 , 0.00205533 , 2.4469e-13 , 0.000597092 , 0.000911539 , 0.00377848
58.2 , 3122.35 , 0.0873957 , 0.00349347 , 0.00469297 , 0.00205523 , 2.4379e-13 , 0.000600509 , 0.000917541 , 0.00380204
58.4 , 3123.01 , 0.0880963 , 0.00351203 , 0.00469347 , 0.00205513 , 2.42898e-13 , 0.000603925 , 0.000923547 , 0.00382562
58.6 , 3123.67 , 0.0888005 , 0.0035306 , 0.00469396 , 0.00205503 , 2.42014e-13 , 0.000607341 , 0.000929558 , 0.0038492
58.8 , 3124.32 , 0.0895085 , 0.00354919 , 0.00469445 , 0.00205493 , 2.41139e-13 , 0.000610756 , 0.000935573 , 0.00387279
59 , 3124.96 , 0.0902202 , 0.00356777 , 0.00469493 , 0.00205483 , 2.40271e-13 , 0.000614171 , 0.000941593 , 0.00389639
59.2 , 3125.61 , 0.0909356 , 0.00358637 , 0.00469542 , 0.00205473 , 2.39412e-13 , 0.000617585 , 0.000947616 , 0.00392
59.4 , 3126.25 , 0.0916548 , 0.00360497 , 0.0046959 , 0.00205463 , 2.38561e-13 , 0.000620999 , 0.000953644 , 0.00394362
59.6 , 3126.89 , 0.0923776 , 0.00362358 , 0.00469637 , 0.00205454 , 2.37717e-13 , 0.000624412 , 0.000959675 , 0.00396724
59.8 , 3127.52 , 0.0931042 , 0.00364219 , 0.00469685 , 0.00205444 , 2.36881e-13 , 0.000627825 , 0.00096571 , 0.00399087
60 , 3128.15 , 0.0938345 , 0.00366081 , 0.00469732 , 0.00205435 , 2.36053e-13 , 0.000631236 , 0.000971749 , 0.00401451
60.2 , 3128.78 , 0.0945686 , 0.00367943 , 0.00469779 , 0.00205425 , 2.35232e-13 , 0.000634647 , 0.000977791 , 0.00403815
60.4 , 3129.4 , 0.0953063 , 0.00369805 , 0.00469826 , 0.00205416 , 2.34419e-13 , 0.000638057 , 0.000983836 , 0.0040618
60.6 , 3130.02 , 0.0960478 , 0.00371669 , 0.00469873 , 0.00205406 , 2.33613e-13 , 0.000641466 , 0.000989885 , 0.00408545
60.8 , 3130.64 , 0.096793 , 0.00373532 , 0.00469919 , 0.00205397 , 2.32815e-13 , 0.000644874 , 0.000995936 , 0.00410911
61 , 3131.25 , 0.097542 , 0.00375396 , 0.00469965 , 0.00205388 , 2.32023e-13 , 0.000648281 , 0.00100199 , 0.00413277
61.2 , 3131.86 , 0.0982946 , 0.0037726 , 0.00470011 , 0.00205378 , 2.31239e-13 , 0.000651687 , 0.00100805 , 0.00415644
61.4 , 3132.47 , 0.099051 , 0.00379124 , 0.00470057 , 0.00205369 , 2.30461e-13 , 0.000655091 , 0.00101411 , 0.00418011
61.6 , 3133.07 , 0.0998111 , 0.00380989 , 0.00470102 , 0.0020536 , 2.2969e-13 , 0.000658495 , 0.00102017 , 0.00420378
61.8 , 3133.68 , 0.100575 , 0.00382854 , 0.00470147 , 0.00205351 , 2.28927e-13 , 0.000661897 , 0.00102624 , 0.00422745
62 , 3134.27 , 0.101343 , 0.00384719 , 0.00470192 , 0.00205342 , 2.2817e-13 , 0.000665298 , 0.0010323 , 0.00425112
62.2 , 3134.87 , 0.102114 , 0.00386584 , 0.00470237 , 0.00205333 , 2.27419e-13 , 0.000668697 , 0.00103837 , 0.0042748
62.4 , 3135.46 , 0.102889 , 0.00388449 , 0.00470281 , 0.00205324 , 2.26675e-13 , 0.000672095 , 0.00104444 , 0.00429848
62.6 , 3136.05 , 0.103668 , 0.00390315 , 0.00470325 , 0.00205315 , 2.25938e-13 , 0.000675492 , 0.00105052 , 0.00432215
62.8 , 3136.64 , 0.10445 , 0.0039218 , 0.00470369 , 0.00205306 , 2.25206e-13 , 0.000678887 , 0.00105659 , 0.00434583
63 , 3137.22 , 0.105236 , 0.00394046 , 0.00470413 , 0.00205298 , 2.24482e-13 , 0.000682281 , 0.00106267 , 0.00436951
63.2 , 3137.8 , 0.106026 , 0.00395912 , 0.00470457 , 0.00205289 , 2.23763e-13 , 0.000685674 , 0.00106875 , 0.00439319
63.4 , 3138.38 , 0.10682 , 0.00397777 , 0.004705 , 0.0020528 , 2.23051e-13 , 0.000689064 , 0.00107483 , 0.00441687
63.6 , 3138.95 , 0.107618 , 0.00399643 , 0.00470543 , 0.00205272 , 2.22344e-13 , 0.000692454 , 0.00108092 , 0.00444055
63.8 , 3139.53 , 0.108419 , 0.00401508 , 0.00470586 , 0.00205263 , 2.21644e-13 , 0.000695841 , 0.001087 , 0.00446423
64 , 3140.1 , 0.109224 , 0.00403374 , 0.00470628 , 0.00205255 , 2.20949e-13 , 0.000699227 , 0.00109309 , 0.00448791
64.2 , 3140.66 , 0.110032 , 0.00405239 , 0.00470671 , 0.00205246 , 2.20261e-13 , 0.000702611 , 0.00109917 , 0.00451158
64.4 , 3141.22 , 0.110845 , 0.00407104 , 0.00470713 , 0.00205238 , 2.19578e-13 , 0.000705993 , 0.00110526 , 0.00453525
64.6 , 3141.79 , 0.111661 , 0.00408969 , 0.00470755 , 0.00205229 , 2.18901e-13 , 0.000709373 , 0.00111135 , 0.00455892
64.8 , 3142.34 , 0.11248 , 0.00410833 , 0.00470797 , 0.00205221 , 2.1823e-13 , 0.000712751 , 0.00111744 , 0.00458258
65 , 3142.9 , 0.113304 , 0.00412698 , 0.00470838 , 0.00205213 , 2.17564e-13 , 0.000716127 , 0.00112353 , 0.00460624
65.2 , 3143.45 , 0.114131 , 0.00414562 , 0.0047088 , 0.00205205 , 2.16904e-13 , 0.000719502 , 0.00112962 , 0.0046299
65.4 , 3144 , 0.114962 , 0.00416425 , 0.00470921 , 0.00205196 , 2.16249e-13 , 0.000722874 , 0.00113571 , 0.00465355
65.6 , 3144.55 , 0.115797 , 0.00418289 , 0.00470962 , 0.00205188 , 2.156e-13 , 0.000726244 , 0.00114181 , 0.00467719
65.8 , 3145.09 , 0.116635 , 0.00420152 , 0.00471003 , 0.0020518 , 2.14956e-13 , 0.000729612 , 0.0011479 , 0.00470084
66 , 3145.63 , 0.117478 , 0.00422014 , 0.00471043 , 0.00205172 , 2.14317e-13 , 0.000732977 , 0.00115399 , 0.00472447
66.2 , 3146.17 , 0.118324 , 0.00423876 , 0.00471084 , 0.00205164 , 2.13683e-13 , 0.000736341 , 0.00116009 , 0.00474811
66.4 , 3146.71 , 0.119173 , 0.00425738 , 0.00471124 , 0.00205156 , 2.13055e-13 , 0.000739703 , 0.00116618 , 0.00477173
66.6 , 3147.24 , 0.120026 , 0.004276 , 0.00471164 , 0.00205148 , 2.12431e-13 , 0.000743062 , 0.00117227 , 0.00479535
66.8 , 3147.77 , 0.120884 , 0.0042946 , 0.00471203 , 0.00205141 , 2.11813e-13 , 0.000746419 , 0.00117837 , 0.00481896
67 , 3148.3 , 0.121744 , 0.00431321 , 0.00471243 , 0.00205133 , 2.112e-13 , 0.000749773 , 0.00118446 , 0.00484257
67.2 , 3148.83 , 0.122609 , 0.00433181 , 0.00471282 , 0.00205125 , 2.10591e-13 , 0.000753126 , 0.00119055 , 0.00486617
67.4 , 3149.35 , 0.123477 , 0.0043504 , 0.00471321 , 0.00205117 , 2.09988e-13 , 0.000756475 , 0.00119665 , 0.00488976
67.6 , 3149.87 , 0.124349 , 0.00436899 , 0.0047136 , 0.0020511 , 2.09389e-13 , 0.000759823 , 0.00120274 , 0.00491335
67.8 , 3150.39 , 0.125225 , 0.00438757 , 0.00471399 , 0.00205102 , 2.08795e-13 , 0.000763168 , 0.00120883 , 0.00493692
68 , 3150.9 , 0.126104 , 0.00440614 , 0.00471438 , 0.00205094 , 2.08206e-13 , 0.00076651 , 0.00121492 , 0.00496049
68.2 , 3151.42 , 0.126987 , 0.00442471 , 0.00471476 , 0.00205087 , 2.07621e-13 , 0.00076985 , 0.00122101 , 0.00498405
68.4 , 3151.93 , 0.127874 , 0.00444327 , 0.00471514 , 0.00205079 , 2.07041e-13 , 0.000773187 , 0.0012271 , 0.0050076
68.6 , 3152.44 , 0.128764 , 0.00446182 , 0.00471552 , 0.00205072 , 2.06466e-13 , 0.000776521 , 0.00123319 , 0.00503114
68.8 , 3152.94 , 0.129659 , 0.00448036 , 0.0047159 , 0.00205065 , 2.05895e-13 , 0.000779853 , 0.00123928 , 0.00505466
69 , 3153.45 , 0.130557 , 0.0044989 , 0.00471628 , 0.00205057 , 2.05329e-13 , 0.000783182 , 0.00124537 , 0.00507818
69.2 , 3153.95 , 0.131458 , 0.00451743 , 0.00471665 , 0.0020505 , 2.04767e-13 , 0.000786508 , 0.00125145 , 0.00510169
69.4 , 3154.45 , 0.132364 , 0.00453595 , 0.00471703 , 0.00205042 , 2.04209e-13 , 0.000789832 , 0.00125754 , 0.00512519
69.6 , 3154.94 , 0.133273 , 0.00455446 , 0.0047174 , 0.00205035 , 2.03656e-13 , 0.000793152 , 0.00126362 , 0.00514868
69.8 , 3155.44 , 0.134185 , 0.00457297 , 0.00471777 , 0.00205028 , 2.03107e-13 , 0.00079647 , 0.0012697 , 0.00517215
70 , 3155.93 , 0.135102 , 0.00459146 , 0.00471814 , 0.00205021 , 2.02562e-13 , 0.000799785 , 0.00127578 , 0.00519561
