0 0.000352832 0.000176416 8.82079e-05 
0 0.00027671 0.000138355 6.91775e-05 
0 0.000278543 0.000139272 6.96358e-05 
0 0.000290087 0.000145043 7.25216e-05 
0 0.000303339 0.000151669 7.58347e-05 
0 0.000316516 0.000158258 7.9129e-05 
0 0.000329129 0.000164564 8.22822e-05 
0 0.000341057 0.000170529 8.52643e-05 
0 0.000352301 0.000176151 8.80753e-05 
0 0.000362902 0.000181451 9.07254e-05 
0 0.000372911 0.000186456 9.32278e-05 
0 0.000382383 0.000191192 9.55958e-05 
0 0.000391367 0.000195683 9.78417e-05 
0 0.000399907 0.000199954 9.99769e-05 
0 0.000408045 0.000204022 0.000102011 
0 0.000415814 0.000207907 0.000103953 
0 0.000423246 0.000211623 0.000105812 
0 0.000430369 0.000215185 0.000107592 
0 0.000437208 0.000218604 0.000109302 
0 0.000443784 0.000221892 0.000110946 
0 0.000450116 0.000225058 0.000112529 
0 0.000456223 0.000228112 0.000114056 
0 0.00046212 0.00023106 0.00011553 
0 0.00046782 0.00023391 0.000116955 
0 0.000473336 0.000236668 0.000118334 
0 0.000478681 0.000239341 0.00011967 
0 0.000483864 0.000241932 0.000120966 
0 0.000488896 0.000244448 0.000122224 
0 0.000493784 0.000246892 0.000123446 
0 0.000498536 0.000249268 0.000124634 
0 0.000503161 0.000251581 0.00012579 
0 0.000507665 0.000253833 0.000126916 
0 0.000512054 0.000256027 0.000128014 
0 0.000516334 0.000258167 0.000129083 
0 0.00052051 0.000260255 0.000130127 
0 0.000524587 0.000262293 0.000131147 
0 0.00052857 0.000264285 0.000132142 
0 0.000532463 0.000266231 0.000133116 
0 0.00053627 0.000268135 0.000134068 
0 0.000539995 0.000269997 0.000134999 
0 0.000543641 0.000271821 0.00013591 
0 0.000547212 0.000273606 0.000136803 
0 0.000550711 0.000275355 0.000137678 
0 0.00055414 0.00027707 0.000138535 
0 0.000557502 0.000278751 0.000139375 
0 0.0005608 0.0002804 0.0001402 
0 0.000564037 0.000282018 0.000141009 
0 0.000567214 0.000283607 0.000141803 
0 0.000570333 0.000285167 0.000142583 
0 0.000573398 0.000286699 0.000143349 
0 0.000576409 0.000288205 0.000144102 
0 0.000579369 0.000289684 0.000144842 
0 0.000582279 0.000291139 0.00014557 
0 0.000585141 0.00029257 0.000146285 
0 0.000587956 0.000293978 0.000146989 
0 0.000590727 0.000295363 0.000147682 
0 0.000593453 0.000296727 0.000148363 
0 0.000596138 0.000298069 0.000149034 
0 0.000598781 0.000299391 0.000149695 
0 0.000601385 0.000300693 0.000150346 
0 0.000603951 0.000301975 0.000150988 
0 0.000606479 0.000303239 0.00015162 
0 0.00060897 0.000304485 0.000152243 
0 0.000611427 0.000305713 0.000152857 
0 0.000613849 0.000306924 0.000153462 
0 0.000616237 0.000308119 0.000154059 
0 0.000618594 0.000309297 0.000154648 
0 0.000620918 0.000310459 0.00015523 
0 0.000623212 0.000311606 0.000155803 
0 0.000625476 0.000312738 0.000156369 
0 0.000627711 0.000313856 0.000156928 
0 0.000629918 0.000314959 0.000157479 
0 0.000632096 0.000316048 0.000158024 
0 0.000634248 0.000317124 0.000158562 
0 0.000636373 0.000318187 0.000159093 
0 0.000638473 0.000319237 0.000159618 
0 0.000640548 0.000320274 0.000160137 
0 0.000642598 0.000321299 0.000160649 
0 0.000644624 0.000322312 0.000161156 
0 0.000646626 0.000323313 0.000161657 
0 0.000648606 0.000324303 0.000162152 
0 0.000650564 0.000325282 0.000162641 
0 0.000652499 0.00032625 0.000163125 
0 0.000654414 0.000327207 0.000163603 
0 0.000656307 0.000328154 0.000164077 
0 0.00065818 0.00032909 0.000164545 
0 0.000660033 0.000330017 0.000165008 
0 0.000661866 0.000330933 0.000165467 
0 0.000663681 0.00033184 0.00016592 
0 0.000665476 0.000332738 0.000166369 
0 0.000667253 0.000333627 0.000166813 
0 0.000669012 0.000334506 0.000167253 
0 0.000670753 0.000335377 0.000167688 
0 0.000672477 0.000336239 0.000168119 
0 0.000674184 0.000337092 0.000168546 
0 0.000675875 0.000337937 0.000168969 
0 0.000677549 0.000338774 0.000169387 
0 0.000679207 0.000339603 0.000169802 
0 0.000680849 0.000340424 0.000170212 
0 0.000682476 0.000341238 0.000170619 
0 0.000684088 0.000342044 0.000171022 
0 0.000685684 0.000342842 0.000171421 
0 0.000687267 0.000343633 0.000171817 
0 0.000688835 0.000344417 0.000172209 
0 0.000690388 0.000345194 0.000172597 
0 0.000691928 0.000345964 0.000172982 
0 0.000693455 0.000346727 0.000173364 
0 0.000694968 0.000347484 0.000173742 
0 0.000696468 0.000348234 0.000174117 
0 0.000697955 0.000348977 0.000174489 
0 0.000699429 0.000349715 0.000174857 
0 0.000700891 0.000350445 0.000175223 
0 0.000702341 0.00035117 0.000175585 
0 0.000703778 0.000351889 0.000175945 
0 0.000705204 0.000352602 0.000176301 
0 0.000706618 0.000353309 0.000176654 
0 0.00070802 0.00035401 0.000177005 
0 0.000709411 0.000354706 0.000177353 
0 0.000710791 0.000355396 0.000177698 
0 0.000712161 0.00035608 0.00017804 
0 0.000713519 0.000356759 0.00017838 
0 0.000714867 0.000357433 0.000178717 
0 0.000716204 0.000358102 0.000179051 
0 0.000717531 0.000358765 0.000179383 
0 0.000718848 0.000359424 0.000179712 
0 0.000720154 0.000360077 0.000180039 
0 0.000721451 0.000360726 0.000180363 
0 0.000722739 0.000361369 0.000180685 
0 0.000724016 0.000362008 0.000181004 
0 0.000725284 0.000362642 0.000181321 
0 0.000726543 0.000363272 0.000181636 
0 0.000727793 0.000363897 0.000181948 
0 0.000729034 0.000364517 0.000182259 
0 0.000730266 0.000365133 0.000182567 
0 0.000731489 0.000365745 0.000182872 
0 0.000732704 0.000366352 0.000183176 
0 0.00073391 0.000366955 0.000183477 
0 0.000735107 0.000367554 0.000183777 
0 0.000736296 0.000368148 0.000184074 
0 0.000737477 0.000368739 0.000184369 
0 0.00073865 0.000369325 0.000184663 
0 0.000739815 0.000369908 0.000184954 
0 0.000740972 0.000370486 0.000185243 
0 0.000742123 0.000371061 0.000185531 
0 0.000743275 0.000371637 0.000185819 
0 0.000744414 0.000372207 0.000186103 
0 0.000745544 0.000372772 0.000186386 
0 0.000746665 0.000373333 0.000186666 
0 0.00074778 0.00037389 0.000186945 
0 0.000748886 0.000374443 0.000187222 
0 0.000749986 0.000374993 0.000187496 
0 0.000751078 0.000375539 0.000187769 
0 0.000752163 0.000376081 0.000188041 
0 0.000753241 0.00037662 0.00018831 
0 0.000754312 0.000377156 0.000188578 
0 0.000755377 0.000377688 0.000188844 
0 0.000756434 0.000378217 0.000189109 
0 0.000757486 0.000378743 0.000189371 
0 0.00075853 0.000379265 0.000189633 
0 0.000759569 0.000379784 0.000189892 
0 0.0007606 0.0003803 0.00019015 
0 0.000761626 0.000380813 0.000190407 
0 0.000762646 0.000381323 0.000190661 
0 0.000763659 0.00038183 0.000190915 
0 0.000764666 0.000382333 0.000191167 
0 0.000765668 0.000382834 0.000191417 
0 0.000766663 0.000383332 0.000191666 
0 0.000767653 0.000383826 0.000191913 
0 0.000768637 0.000384318 0.000192159 
0 0.000769615 0.000384808 0.000192404 
0 0.000770588 0.000385294 0.000192647 
0 0.000771555 0.000385777 0.000192889 
0 0.000772516 0.000386258 0.000193129 
0 0.000773472 0.000386736 0.000193368 
0 0.000774423 0.000387211 0.000193606 
0 0.000775368 0.000387684 0.000193842 
0 0.000776308 0.000388154 0.000194077 
0 0.000777243 0.000388622 0.000194311 
0 0.000778173 0.000389086 0.000194543 
0 0.000779097 0.000389549 0.000194774 
0 0.000780017 0.000390008 0.000195004 
0 0.000780931 0.000390466 0.000195233 
0 0.000781841 0.00039092 0.00019546 
0 0.000782745 0.000391373 0.000195686 
0 0.000783645 0.000391823 0.000195911 
0 0.00078454 0.00039227 0.000196135 
0 0.000785431 0.000392715 0.000196358 
0 0.000786316 0.000393158 0.000196579 
0 0.000787197 0.000393599 0.000196799 
0 0.000788073 0.000394037 0.000197018 
0 0.000788945 0.000394473 0.000197236 
0 0.000789812 0.000394906 0.000197453 
0 0.000790675 0.000395338 0.000197669 
0 0.000791533 0.000395767 0.000197883 
0 0.000792387 0.000396194 0.000198097 
0 0.000793237 0.000396618 0.000198309 
0 0.000794082 0.000397041 0.000198521 
0 0.000794923 0.000397462 0.000198731 
0 0.00079576 0.00039788 0.00019894 
0 0.000796593 0.000398296 0.000199148 
0 0.000797421 0.000398711 0.000199355 
0 0.000798246 0.000399123 0.000199561 
0 0.000799066 0.000399533 0.000199766 
0 0.000799882 0.000399941 0.000199971 
0 0.000800695 0.000400347 0.000200174 
0 0.000801503 0.000400751 0.000200376 
0 0.000802307 0.000401154 0.000200577 
0 0.000803108 0.000401554 0.000200777 
0 0.000803905 0.000401952 0.000200976 
0 0.000804698 0.000402349 0.000201174 
0 0.000805487 0.000402743 0.000201372 
0 0.000806272 0.000403136 0.000201568 
0 0.000807054 0.000403527 0.000201763 
0 0.000807832 0.000403916 0.000201958 
0 0.000808606 0.000404303 0.000202152 
0 0.000809377 0.000404689 0.000202344 
0 0.000810144 0.000405072 0.000202536 
0 0.000810908 0.000405454 0.000202727 
0 0.000811668 0.000405834 0.000202917 
0 0.000812425 0.000406212 0.000203106 
0 0.000813178 0.000406589 0.000203294 
0 0.000813928 0.000406964 0.000203482 
0 0.000814674 0.000407337 0.000203668 
0 0.000815417 0.000407708 0.000203854 
0 0.000816157 0.000408078 0.000204039 
0 0.000816893 0.000408446 0.000204223 
0 0.000817626 0.000408813 0.000204406 
0 0.000818356 0.000409178 0.000204589 
0 0.000819082 0.000409541 0.000204771 
0 0.000819805 0.000409903 0.000204951 
0 0.000820526 0.000410263 0.000205131 
0 0.000821243 0.000410621 0.000205311 
0 0.000821957 0.000410978 0.000205489 
0 0.000822667 0.000411334 0.000205667 
0 0.000823375 0.000411687 0.000205844 
0 0.00082408 0.00041204 0.00020602 
0 0.000824781 0.000412391 0.000206195 
0 0.00082548 0.00041274 0.00020637 
0 0.000826175 0.000413088 0.000206544 
0 0.000826868 0.000413434 0.000206717 
0 0.000827558 0.000413779 0.000206889 
0 0.000828245 0.000414122 0.000207061 
0 0.000828929 0.000414464 0.000207232 
0 0.00082961 0.000414805 0.000207402 
0 0.000830288 0.000415144 0.000207572 
0 0.000830963 0.000415482 0.000207741 
0 0.000831636 0.000415818 0.000207909 
0 0.000832306 0.000416153 0.000208076 
0 0.000832973 0.000416486 0.000208243 
0 0.000833637 0.000416819 0.000208409 
0 0.000834299 0.000417149 0.000208575 
0 0.000834958 0.000417479 0.000208739 
0 0.000835614 0.000417807 0.000208903 
0 0.000836267 0.000418134 0.000209067 
0 0.000836918 0.000418459 0.00020923 
0 0.000837567 0.000418783 0.000209392 
0 0.000838212 0.000419106 0.000209553 
0 0.000838856 0.000419428 0.000209714 
0 0.000839496 0.000419748 0.000209874 
0 0.000840134 0.000420067 0.000210034 
0 0.00084077 0.000420385 0.000210192 
0 0.000841403 0.000420701 0.000210351 
0 0.000842033 0.000421017 0.000210508 
0 0.000842661 0.000421331 0.000210665 
0 0.000843287 0.000421643 0.000210822 
0 0.00084391 0.000421955 0.000210978 
0 0.000844531 0.000422265 0.000211133 
0 0.000845149 0.000422575 0.000211287 
0 0.000845765 0.000422883 0.000211441 
0 0.000846379 0.000423189 0.000211595 
0 0.00084699 0.000423495 0.000211748 
0 0.000847599 0.0004238 0.0002119 
0 0.000848206 0.000424103 0.000212051 
0 0.00084881 0.000424405 0.000212202 
0 0.000849412 0.000424706 0.000212353 
0 0.000850012 0.000425006 0.000212503 
0 0.000850609 0.000425305 0.000212652 
0 0.000851204 0.000425602 0.000212801 
0 0.000851798 0.000425899 0.000212949 
0 0.000852388 0.000426194 0.000213097 
0 0.000852977 0.000426489 0.000213244 
0 0.000853563 0.000426782 0.000213391 
0 0.000854148 0.000427074 0.000213537 
0 0.00085473 0.000427365 0.000213682 
0 0.00085531 0.000427655 0.000213827 
0 0.000855888 0.000427944 0.000213972 
0 0.000856464 0.000428232 0.000214116 
0 0.000857037 0.000428519 0.000214259 
0 0.000857609 0.000428804 0.000214402 
0 0.000858179 0.000429089 0.000214545 
0 0.000858746 0.000429373 0.000214687 
0 0.000859311 0.000429656 0.000214828 
0 0.000859875 0.000429937 0.000214969 
0 0.000860436 0.000430218 0.000215109 
0 0.000860996 0.000430498 0.000215249 
0 0.000861553 0.000430777 0.000215388 
0 0.000862109 0.000431054 0.000215527 
0 0.000862662 0.000431331 0.000215666 
0 0.000863214 0.000431607 0.000215803 
0 0.000863763 0.000431882 0.000215941 
0 0.000864311 0.000432155 0.000216078 
0 0.000864857 0.000432428 0.000216214 
0 0.000865401 0.0004327 0.00021635 
0 0.000865943 0.000432971 0.000216486 
0 0.000866483 0.000433241 0.000216621 
0 0.000867021 0.00043351 0.000216755 
0 0.000867557 0.000433779 0.000216889 
0 0.000868092 0.000434046 0.000217023 
0 0.000868625 0.000434312 0.000217156 
0 0.000869155 0.000434578 0.000217289 
0 0.000869685 0.000434842 0.000217421 
0 0.000870212 0.000435106 0.000217553 
0 0.000870737 0.000435369 0.000217684 
0 0.000871261 0.00043563 0.000217815 
0 0.000871783 0.000435891 0.000217946 
0 0.000872303 0.000436152 0.000218076 
0 0.000872822 0.000436411 0.000218205 
0 0.000873338 0.000436669 0.000218335 
0 0.000873853 0.000436927 0.000218463 
0 0.000874367 0.000437183 0.000218592 
0 0.000874878 0.000437439 0.00021872 
0 0.000875388 0.000437694 0.000218847 
0 0.000875896 0.000437948 0.000218974 
0 0.000876403 0.000438201 0.000219101 
0 0.000876908 0.000438454 0.000219227 
0 0.000877411 0.000438705 0.000219353 
0 0.000877912 0.000438956 0.000219478 
0 0.000878412 0.000439206 0.000219603 
0 0.000878911 0.000439455 0.000219728 
0 0.000879407 0.000439704 0.000219852 
0 0.000879902 0.000439951 0.000219976 
0 0.000880396 0.000440198 0.000220099 
0 0.000880888 0.000440444 0.000220222 
0 0.000881378 0.000440689 0.000220344 
0 0.000881867 0.000440933 0.000220467 
0 0.000882354 0.000441177 0.000220588 
0 0.00088284 0.00044142 0.00022071 
0 0.000883324 0.000441662 0.000220831 
0 0.000883806 0.000441903 0.000220952 
0 0.000884287 0.000442144 0.000221072 
0 0.000884767 0.000442383 0.000221192 
0 0.000885245 0.000442622 0.000221311 
0 0.000885721 0.000442861 0.00022143 
0 0.000886196 0.000443098 0.000221549 
0 0.00088667 0.000443335 0.000221667 
0 0.000887142 0.000443571 0.000221785 
0 0.000887612 0.000443806 0.000221903 
0 0.000888081 0.000444041 0.00022202 
0 0.000888549 0.000444274 0.000222137 
0 0.000889015 0.000444508 0.000222254 
0 0.00088948 0.00044474 0.00022237 
0 0.000889943 0.000444972 0.000222486 
0 0.000890405 0.000445203 0.000222601 
0 0.000890866 0.000445433 0.000222716 
0 0.000891325 0.000445662 0.000222831 
0 0.000891782 0.000445891 0.000222946 
0 0.000892239 0.000446119 0.00022306 
0 0.000892693 0.000446347 0.000223173 
0 0.000893147 0.000446574 0.000223287 
0 0.000893599 0.0004468 0.0002234 
0 0.00089405 0.000447025 0.000223512 
0 0.000894499 0.00044725 0.000223625 
0 0.000894947 0.000447474 0.000223737 
0 0.000895394 0.000447697 0.000223849 
0 0.00089584 0.00044792 0.00022396 
0 0.000896284 0.000448142 0.000224071 
0 0.000896727 0.000448363 0.000224182 
0 0.000897168 0.000448584 0.000224292 
0 0.000897608 0.000448804 0.000224402 
0 0.000898047 0.000449023 0.000224512 
0 0.000898484 0.000449242 0.000224621 
0 0.000898921 0.00044946 0.00022473 
0 0.000899356 0.000449678 0.000224839 
0 0.000899789 0.000449895 0.000224947 
0 0.000900222 0.000450111 0.000225055 
0 0.000900653 0.000450327 0.000225163 
0 0.000901083 0.000450541 0.000225271 
0 0.000901512 0.000450756 0.000225378 
0 0.000901939 0.00045097 0.000225485 
0 0.000902365 0.000451183 0.000225591 
0 0.00090279 0.000451395 0.000225698 
0 0.000903214 0.000451607 0.000225804 
0 0.000903637 0.000451818 0.000225909 
0 0.000904058 0.000452029 0.000226014 
0 0.000904478 0.000452239 0.000226119 
0 0.000904897 0.000452448 0.000226224 
0 0.000905315 0.000452657 0.000226329 
0 0.000905731 0.000452866 0.000226433 
0 0.000906146 0.000453073 0.000226537 
0 0.000906561 0.00045328 0.00022664 
0 0.000906974 0.000453487 0.000226743 
0 0.000907385 0.000453693 0.000226846 
0 0.000907796 0.000453898 0.000226949 
0 0.000908206 0.000454103 0.000227051 
0 0.000908614 0.000454307 0.000227154 
0 0.000909021 0.000454511 0.000227255 
0 0.000909427 0.000454714 0.000227357 
0 0.000909832 0.000454916 0.000227458 
0 0.000910236 0.000455118 0.000227559 
0 0.000910639 0.000455319 0.00022766 
0 0.000911041 0.00045552 0.00022776 
0 0.000911441 0.00045572 0.00022786 
0 0.00091184 0.00045592 0.00022796 
0 0.000912239 0.000456119 0.00022806 
0 0.000912636 0.000456318 0.000228159 
0 0.000913032 0.000456516 0.000228258 
0 0.000913427 0.000456713 0.000228357 
0 0.000913821 0.00045691 0.000228455 
0 0.000914214 0.000457107 0.000228553 
0 0.000914606 0.000457303 0.000228651 
0 0.000914996 0.000457498 0.000228749 
0 0.000915386 0.000457693 0.000228846 
0 0.000915775 0.000457887 0.000228944 
0 0.000916162 0.000458081 0.000229041 
0 0.000916549 0.000458274 0.000229137 
0 0.000916934 0.000458467 0.000229234 
0 0.000917319 0.000458659 0.00022933 
0 0.000917702 0.000458851 0.000229426 
0 0.000918084 0.000459042 0.000229521 
0 0.000918466 0.000459233 0.000229616 
0 0.000918846 0.000459423 0.000229712 
0 0.000919226 0.000459613 0.000229806 
0 0.000919604 0.000459802 0.000229901 
0 0.000919981 0.000459991 0.000229995 
0 0.000920358 0.000460179 0.000230089 
0 0.000920733 0.000460366 0.000230183 
0 0.000921107 0.000460554 0.000230277 
0 0.000921481 0.00046074 0.00023037 
0 0.000921853 0.000460927 0.000230463 
0 0.000922224 0.000461112 0.000230556 
0 0.000922595 0.000461297 0.000230649 
0 0.000922964 0.000461482 0.000230741 
0 0.000923333 0.000461666 0.000230833 
0 0.0009237 0.00046185 0.000230925 
0 0.000924067 0.000462034 0.000231017 
0 0.000924433 0.000462216 0.000231108 
0 0.000924797 0.000462399 0.000231199 
0 0.000925161 0.000462581 0.00023129 
0 0.000925524 0.000462762 0.000231381 
0 0.000925886 0.000462943 0.000231471 
0 0.000926247 0.000463123 0.000231562 
0 0.000926607 0.000463303 0.000231652 
0 0.000926966 0.000463483 0.000231741 
0 0.000927324 0.000463662 0.000231831 
0 0.000927681 0.000463841 0.00023192 
0 0.000928038 0.000464019 0.000232009 
0 0.000928393 0.000464197 0.000232098 
0 0.000928748 0.000464374 0.000232187 
0 0.000929102 0.000464551 0.000232275 
0 0.000929454 0.000464727 0.000232364 
0 0.000929806 0.000464903 0.000232452 
0 0.000930157 0.000465079 0.000232539 
0 0.000930507 0.000465254 0.000232627 
0 0.000930857 0.000465428 0.000232714 
0 0.000931205 0.000465602 0.000232801 
0 0.000931552 0.000465776 0.000232888 
0 0.000931899 0.000465949 0.000232975 
0 0.000932245 0.000466122 0.000233061 
0 0.00093259 0.000466295 0.000233147 
0 0.000932934 0.000466467 0.000233233 
0 0.000933277 0.000466638 0.000233319 
0 0.000933619 0.00046681 0.000233405 
0 0.000933961 0.00046698 0.00023349 
0 0.000934301 0.000467151 0.000233575 
0 0.000934641 0.000467321 0.00023366 
0 0.00093498 0.00046749 0.000233745 
0 0.000935318 0.000467659 0.00023383 
0 0.000935655 0.000467828 0.000233914 
0 0.000935992 0.000467996 0.000233998 
0 0.000936328 0.000468164 0.000234082 
0 0.000936662 0.000468331 0.000234166 
0 0.000936996 0.000468498 0.000234249 
0 0.00093733 0.000468665 0.000234332 
0 0.000937662 0.000468831 0.000234416 
0 0.000937994 0.000468997 0.000234498 
0 0.000938324 0.000469162 0.000234581 
0 0.000938654 0.000469327 0.000234664 
0 0.000938984 0.000469492 0.000234746 
0 0.000939312 0.000469656 0.000234828 
0 0.00093964 0.00046982 0.00023491 
0 0.000939966 0.000469983 0.000234992 
0 0.000940292 0.000470146 0.000235073 
0 0.000940618 0.000470309 0.000235154 
0 0.000940942 0.000470471 0.000235236 
0 0.000941266 0.000470633 0.000235316 
0 0.000941589 0.000470794 0.000235397 
0 0.000941911 0.000470955 0.000235478 
0 0.000942232 0.000471116 0.000235558 
0 0.000942553 0.000471276 0.000235638 
0 0.000942873 0.000471436 0.000235718 
0 0.000943192 0.000471596 0.000235798 
0 0.00094351 0.000471755 0.000235878 
0 0.000943828 0.000471914 0.000235957 
0 0.000944145 0.000472072 0.000236036 
0 0.000944461 0.00047223 0.000236115 
0 0.000944776 0.000472388 0.000236194 
0 0.000945091 0.000472546 0.000236273 
0 0.000945405 0.000472702 0.000236351 
0 0.000945718 0.000472859 0.00023643 
0 0.000946031 0.000473015 0.000236508 
0 0.000946342 0.000473171 0.000236586 
0 0.000946653 0.000473327 0.000236663 
0 0.000946964 0.000473482 0.000236741 
0 0.000947273 0.000473637 0.000236818 
0 0.000947582 0.000473791 0.000236895 
0 0.00094789 0.000473945 0.000236973 
0 0.000948197 0.000474099 0.000237049 
0 0.000948504 0.000474252 0.000237126 
0 0.00094881 0.000474405 0.000237203 
0 0.000949115 0.000474558 0.000237279 
0 0.00094942 0.00047471 0.000237355 
0 0.000949724 0.000474862 0.000237431 
0 0.000950027 0.000475014 0.000237507 
0 0.00095033 0.000475165 0.000237582 
0 0.000950632 0.000475316 0.000237658 
0 0.000950933 0.000475466 0.000237733 
0 0.000951233 0.000475617 0.000237808 
0 0.000951533 0.000475766 0.000237883 
0 0.000951832 0.000475916 0.000237958 
0 0.00095213 0.000476065 0.000238033 
0 0.000952428 0.000476214 0.000238107 
0 0.000952725 0.000476363 0.000238181 
0 0.000953022 0.000476511 0.000238255 
0 0.000953317 0.000476659 0.000238329 
0 0.000953612 0.000476806 0.000238403 
0 0.000953907 0.000476953 0.000238477 
0 0.000954201 0.0004771 0.00023855 
0 0.000954494 0.000477247 0.000238623 
0 0.000954786 0.000477393 0.000238697 
0 0.000955078 0.000477539 0.000238769 
0 0.000955369 0.000477685 0.000238842 
0 0.00095566 0.00047783 0.000238915 
0 0.000955949 0.000477975 0.000238987 
0 0.000956239 0.000478119 0.00023906 
0 0.000956527 0.000478264 0.000239132 
0 0.000956815 0.000478408 0.000239204 
0 0.000957102 0.000478551 0.000239276 
0 0.000957389 0.000478694 0.000239347 
0 0.000957675 0.000478838 0.000239419 
0 0.00095796 0.00047898 0.00023949 
0 0.000958245 0.000479123 0.000239561 
0 0.000958529 0.000479265 0.000239632 
0 0.000958813 0.000479406 0.000239703 
0 0.000959096 0.000479548 0.000239774 
0 0.000959378 0.000479689 0.000239845 
0 0.00095966 0.00047983 0.000239915 
0 0.000959941 0.00047997 0.000239985 
0 0.000960221 0.000480111 0.000240055 
0 0.000960501 0.000480251 0.000240125 
0 0.00096078 0.00048039 0.000240195 
0 0.000961059 0.000480529 0.000240265 
0 0.000961337 0.000480668 0.000240334 
0 0.000961614 0.000480807 0.000240404 
0 0.000961891 0.000480946 0.000240473 
0 0.000962167 0.000481084 0.000240542 
0 0.000962443 0.000481221 0.000240611 
0 0.000962718 0.000481359 0.000240679 
0 0.000962992 0.000481496 0.000240748 
0 0.000963266 0.000481633 0.000240817 
0 0.00096354 0.00048177 0.000240885 
0 0.000963812 0.000481906 0.000240953 
0 0.000964084 0.000482042 0.000241021 
0 0.000964356 0.000482178 0.000241089 
0 0.000964627 0.000482313 0.000241157 
0 0.000964897 0.000482449 0.000241224 
0 0.000965167 0.000482584 0.000241292 
0 0.000965436 0.000482718 0.000241359 
0 0.000965705 0.000482852 0.000241426 
0 0.000965973 0.000482987 0.000241493 
0 0.000966241 0.00048312 0.00024156 
0 0.000966507 0.000483254 0.000241627 
0 0.000966774 0.000483387 0.000241693 
0 0.00096704 0.00048352 0.00024176 
0 0.000967305 0.000483653 0.000241826 
0 0.00096757 0.000483785 0.000241892 
0 0.000967834 0.000483917 0.000241958 
0 0.000968098 0.000484049 0.000242024 
0 0.000968361 0.00048418 0.00024209 
0 0.000968623 0.000484312 0.000242156 
0 0.000968885 0.000484443 0.000242221 
0 0.000969146 0.000484573 0.000242287 
0 0.000969407 0.000484704 0.000242352 
0 0.000969668 0.000484834 0.000242417 
0 0.000969928 0.000484964 0.000242482 
0 0.000970187 0.000485093 0.000242547 
0 0.000970445 0.000485223 0.000242611 
0 0.000970704 0.000485352 0.000242676 
0 0.000970961 0.000485481 0.00024274 
0 0.000971218 0.000485609 0.000242805 
0 0.000971475 0.000485738 0.000242869 
0 0.000971731 0.000485866 0.000242933 
0 0.000971987 0.000485993 0.000242997 
0 0.000972242 0.000486121 0.00024306 
0 0.000972496 0.000486248 0.000243124 
0 0.00097275 0.000486375 0.000243188 
0 0.000973004 0.000486502 0.000243251 
0 0.000973257 0.000486628 0.000243314 
0 0.000973509 0.000486755 0.000243377 
0 0.000973761 0.00048688 0.00024344 
0 0.000974012 0.000487006 0.000243503 
0 0.000974263 0.000487132 0.000243566 
0 0.000974514 0.000487257 0.000243628 
0 0.000974763 0.000487382 0.000243691 
0 0.000975013 0.000487506 0.000243753 
0 0.000975262 0.000487631 0.000243815 
0 0.00097551 0.000487755 0.000243878 
0 0.000975758 0.000487879 0.000243939 
0 0.000976005 0.000488003 0.000244001 
0 0.000976252 0.000488126 0.000244063 
0 0.000976499 0.000488249 0.000244125 
0 0.000976744 0.000488372 0.000244186 
0 0.00097699 0.000488495 0.000244247 
0 0.000977235 0.000488617 0.000244309 
0 0.000977479 0.00048874 0.00024437 
0 0.000977723 0.000488862 0.000244431 
0 0.000977966 0.000488983 0.000244492 
0 0.000978209 0.000489105 0.000244552 
0 0.000978452 0.000489226 0.000244613 
0 0.000978694 0.000489347 0.000244673 
0 0.000978935 0.000489468 0.000244734 
0 0.000979176 0.000489588 0.000244794 
0 0.000979417 0.000489708 0.000244854 
0 0.000979657 0.000489829 0.000244914 
0 0.000979897 0.000489948 0.000244974 
0 0.000980136 0.000490068 0.000245034 
0 0.000980374 0.000490187 0.000245094 
0 0.000980613 0.000490306 0.000245153 
0 0.00098085 0.000490425 0.000245213 
0 0.000981088 0.000490544 0.000245272 
0 0.000981324 0.000490662 0.000245331 
0 0.000981561 0.00049078 0.00024539 
0 0.000981797 0.000490898 0.000245449 
0 0.000982032 0.000491016 0.000245508 
0 0.000982267 0.000491133 0.000245567 
0 0.000982501 0.000491251 0.000245625 
0 0.000982735 0.000491368 0.000245684 
0 0.000982969 0.000491484 0.000245742 
0 0.000983202 0.000491601 0.000245801 
0 0.000983435 0.000491717 0.000245859 
0 0.000983667 0.000491833 0.000245917 
0 0.000983899 0.000491949 0.000245975 
0 0.00098413 0.000492065 0.000246033 
0 0.000984361 0.00049218 0.00024609 
0 0.000984591 0.000492296 0.000246148 
0 0.000984821 0.000492411 0.000246205 
0 0.000985051 0.000492525 0.000246263 
0 0.00098528 0.00049264 0.00024632 
0 0.000985509 0.000492754 0.000246377 
0 0.000985737 0.000492868 0.000246434 
0 0.000985965 0.000492982 0.000246491 
0 0.000986192 0.000493096 0.000246548 
0 0.000986419 0.000493209 0.000246605 
0 0.000986645 0.000493323 0.000246661 
0 0.000986871 0.000493436 0.000246718 
0 0.000987097 0.000493549 0.000246774 
0 0.000987322 0.000493661 0.000246831 
0 0.000987547 0.000493773 0.000246887 
0 0.000987771 0.000493886 0.000246943 
0 0.000987995 0.000493998 0.000246999 
0 0.000988219 0.000494109 0.000247055 
0 0.000988442 0.000494221 0.00024711 
0 0.000988664 0.000494332 0.000247166 
0 0.000988887 0.000494443 0.000247222 
0 0.000989108 0.000494554 0.000247277 
0 0.00098933 0.000494665 0.000247332 
0 0.000989551 0.000494775 0.000247388 
0 0.000989771 0.000494886 0.000247443 
0 0.000989991 0.000494996 0.000247498 
0 0.000990211 0.000495106 0.000247553 
0 0.00099043 0.000495215 0.000247608 
0 0.000990649 0.000495325 0.000247662 
0 0.000990868 0.000495434 0.000247717 
0 0.000991086 0.000495543 0.000247771 
0 0.000991304 0.000495652 0.000247826 
0 0.000991521 0.00049576 0.00024788 
0 0.000991738 0.000495869 0.000247934 
0 0.000991954 0.000495977 0.000247989 
0 0.00099217 0.000496085 0.000248043 
0 0.000992386 0.000496193 0.000248096 
0 0.000992601 0.000496301 0.00024815 
0 0.000992816 0.000496408 0.000248204 
0 0.00099303 0.000496515 0.000248258 
0 0.000993245 0.000496622 0.000248311 
0 0.000993458 0.000496729 0.000248365 
0 0.000993672 0.000496836 0.000248418 
0 0.000993884 0.000496942 0.000248471 
0 0.000994097 0.000497048 0.000248524 
0 0.000994309 0.000497154 0.000248577 
0 0.000994521 0.00049726 0.00024863 
0 0.000994732 0.000497366 0.000248683 
0 0.000994943 0.000497471 0.000248736 
0 0.000995154 0.000497577 0.000248788 
0 0.000995364 0.000497682 0.000248841 
0 0.000995573 0.000497787 0.000248893 
0 0.000995783 0.000497891 0.000248946 
0 0.000995992 0.000497996 0.000248998 
0 0.0009962 0.0004981 0.00024905 
0 0.000996409 0.000498204 0.000249102 
0 0.000996617 0.000498308 0.000249154 
0 0.000996824 0.000498412 0.000249206 
0 0.000997031 0.000498516 0.000249258 
0 0.000997238 0.000498619 0.00024931 
0 0.000997444 0.000498722 0.000249361 
0 0.00099765 0.000498825 0.000249413 
0 0.000997856 0.000498928 0.000249464 
0 0.000998061 0.000499031 0.000249515 
0 0.000998266 0.000499133 0.000249567 
0 0.000998471 0.000499235 0.000249618 
0 0.000998675 0.000499337 0.000249669 
0 0.000998879 0.000499439 0.00024972 
0 0.000999082 0.000499541 0.000249771 
0 0.000999285 0.000499643 0.000249821 
0 0.000999488 0.000499744 0.000249872 
0 0.00099969 0.000499845 0.000249923 
0 0.000999892 0.000499946 0.000249973 
0 0.00100009 0.000500047 0.000250023 
0 0.00100029 0.000500147 0.000250074 
0 0.0010005 0.000500248 0.000250124 
0 0.0010007 0.000500348 0.000250174 
0 0.0010009 0.000500448 0.000250224 
0 0.0010011 0.000500548 0.000250274 
0 0.0010013 0.000500648 0.000250324 
0 0.00100149 0.000500747 0.000250374 
0 0.00100169 0.000500847 0.000250423 
0 0.00100189 0.000500946 0.000250473 
0 0.00100209 0.000501045 0.000250523 
0 0.00100229 0.000501144 0.000250572 
0 0.00100249 0.000501243 0.000250621 
0 0.00100268 0.000501341 0.000250671 
0 0.00100288 0.000501439 0.00025072 
0 0.00100308 0.000501538 0.000250769 
0 0.00100327 0.000501636 0.000250818 
0 0.00100347 0.000501733 0.000250867 
0 0.00100366 0.000501831 0.000250916 
0 0.00100386 0.000501928 0.000250964 
0 0.00100405 0.000502026 0.000251013 
0 0.00100425 0.000502123 0.000251061 
0 0.00100444 0.00050222 0.00025111 
0 0.00100463 0.000502317 0.000251158 
0 0.00100483 0.000502413 0.000251207 
0 0.00100502 0.00050251 0.000251255 
0 0.00100521 0.000502606 0.000251303 
0 0.0010054 0.000502702 0.000251351 
0 0.0010056 0.000502798 0.000251399 
0 0.00100579 0.000502894 0.000251447 
0 0.00100598 0.00050299 0.000251495 
0 0.00100617 0.000503085 0.000251542 
0 0.00100636 0.00050318 0.00025159 
0 0.00100655 0.000503275 0.000251638 
0 0.00100674 0.00050337 0.000251685 
0 0.00100693 0.000503465 0.000251733 
0 0.00100712 0.00050356 0.00025178 
0 0.00100731 0.000503654 0.000251827 
0 0.0010075 0.000503749 0.000251874 
0 0.00100769 0.000503843 0.000251921 
0 0.00100787 0.000503937 0.000251968 
0 0.00100806 0.00050403 0.000252015 
0 0.00100825 0.000504124 0.000252062 
0 0.00100844 0.000504218 0.000252109 
0 0.00100862 0.000504311 0.000252155 
0 0.00100881 0.000504404 0.000252202 
0 0.00100899 0.000504497 0.000252249 
0 0.00100918 0.00050459 0.000252295 
0 0.00100937 0.000504683 0.000252341 
0 0.00100955 0.000504775 0.000252388 
0 0.00100974 0.000504868 0.000252434 
0 0.00100992 0.00050496 0.00025248 
0 0.0010101 0.000505052 0.000252526 
0 0.00101029 0.000505144 0.000252572 
0 0.00101047 0.000505236 0.000252618 
0 0.00101065 0.000505327 0.000252664 
0 0.00101084 0.000505419 0.000252709 
0 0.00101102 0.00050551 0.000252755 
0 0.0010112 0.000505601 0.000252801 
0 0.00101138 0.000505692 0.000252846 
0 0.00101157 0.000505783 0.000252891 
0 0.00101175 0.000505874 0.000252937 
0 0.00101193 0.000505964 0.000252982 
0 0.00101211 0.000506055 0.000253027 
0 0.00101229 0.000506145 0.000253072 
0 0.00101247 0.000506235 0.000253117 
0 0.00101265 0.000506325 0.000253162 
0 0.00101283 0.000506415 0.000253207 
0 0.00101301 0.000506504 0.000253252 
0 0.00101319 0.000506594 0.000253297 
0 0.00101337 0.000506683 0.000253342 
0 0.00101354 0.000506772 0.000253386 
0 0.00101372 0.000506861 0.000253431 
0 0.0010139 0.00050695 0.000253475 
0 0.00101408 0.000507039 0.000253519 
0 0.00101425 0.000507127 0.000253564 
0 0.00101443 0.000507216 0.000253608 
0 0.00101461 0.000507304 0.000253652 
0 0.00101478 0.000507392 0.000253696 
0 0.00101496 0.00050748 0.00025374 
0 0.00101514 0.000507568 0.000253784 
0 0.00101531 0.000507656 0.000253828 
0 0.00101549 0.000507743 0.000253872 
0 0.00101566 0.000507831 0.000253915 
0 0.00101584 0.000507918 0.000253959 
0 0.00101601 0.000508005 0.000254003 
0 0.00101618 0.000508092 0.000254046 
0 0.00101636 0.000508179 0.00025409 
0 0.00101653 0.000508266 0.000254133 
0 0.0010167 0.000508352 0.000254176 
0 0.00101688 0.000508439 0.000254219 
0 0.00101705 0.000508525 0.000254262 
0 0.00101722 0.000508611 0.000254306 
0 0.00101739 0.000508697 0.000254349 
0 0.00101757 0.000508783 0.000254391 
0 0.00101774 0.000508869 0.000254434 
0 0.00101791 0.000508954 0.000254477 
0 0.00101808 0.00050904 0.00025452 
0 0.00101825 0.000509125 0.000254562 
0 0.00101842 0.00050921 0.000254605 
0 0.00101859 0.000509295 0.000254648 
0 0.00101876 0.00050938 0.00025469 
0 0.00101893 0.000509465 0.000254732 
0 0.0010191 0.000509549 0.000254775 
0 0.00101927 0.000509634 0.000254817 
0 0.00101944 0.000509718 0.000254859 
0 0.0010196 0.000509802 0.000254901 
0 0.00101977 0.000509886 0.000254943 
0 0.00101994 0.00050997 0.000254985 
0 0.00102011 0.000510054 0.000255027 
0 0.00102028 0.000510138 0.000255069 
0 0.00102044 0.000510221 0.000255111 
0 0.00102061 0.000510305 0.000255152 
0 0.00102078 0.000510388 0.000255194 
0 0.00102094 0.000510471 0.000255235 
0 0.00102111 0.000510554 0.000255277 
0 0.00102127 0.000510637 0.000255318 
0 0.00102144 0.000510719 0.00025536 
0 0.0010216 0.000510802 0.000255401 
0 0.00102177 0.000510885 0.000255442 
0 0.00102193 0.000510967 0.000255483 
0 0.0010221 0.000511049 0.000255525 
0 0.00102226 0.000511131 0.000255566 
0 0.00102243 0.000511213 0.000255606 
0 0.00102259 0.000511295 0.000255647 
0 0.00102275 0.000511376 0.000255688 
0 0.00102292 0.000511458 0.000255729 
0 0.00102308 0.000511539 0.00025577 
0 0.00102324 0.000511621 0.00025581 
0 0.0010234 0.000511702 0.000255851 
0 0.00102357 0.000511783 0.000255891 
0 0.00102373 0.000511864 0.000255932 
0 0.00102389 0.000511944 0.000255972 
0 0.00102405 0.000512025 0.000256013 
0 0.00102421 0.000512106 0.000256053 
0 0.00102437 0.000512186 0.000256093 
0 0.00102453 0.000512266 0.000256133 
0 0.00102469 0.000512346 0.000256173 
0 0.00102485 0.000512426 0.000256213 
0 0.00102501 0.000512506 0.000256253 
0 0.00102517 0.000512586 0.000256293 
0 0.00102533 0.000512666 0.000256333 
0 0.00102549 0.000512745 0.000256373 
0 0.00102565 0.000512824 0.000256412 
0 0.00102581 0.000512904 0.000256452 
0 0.00102597 0.000512983 0.000256491 
0 0.00102612 0.000513062 0.000256531 
0 0.00102628 0.000513141 0.00025657 
0 0.00102644 0.000513219 0.00025661 
0 0.0010266 0.000513298 0.000256649 
0 0.00102675 0.000513377 0.000256688 
0 0.00102691 0.000513455 0.000256727 
0 0.00102707 0.000513533 0.000256767 
0 0.00102722 0.000513611 0.000256806 
0 0.00102738 0.000513689 0.000256845 
0 0.00102753 0.000513767 0.000256884 
0 0.00102769 0.000513845 0.000256923 
0 0.00102785 0.000513923 0.000256961 
0 0.001028 0.000514 0.000257 
0 0.00102816 0.000514078 0.000257039 
0 0.00102831 0.000514155 0.000257077 
0 0.00102846 0.000514232 0.000257116 
0 0.00102862 0.000514309 0.000257155 
0 0.00102877 0.000514386 0.000257193 
0 0.00102893 0.000514463 0.000257231 
0 0.00102908 0.00051454 0.00025727 
0 0.00102923 0.000514616 0.000257308 
0 0.00102939 0.000514693 0.000257346 
0 0.00102954 0.000514769 0.000257385 
0 0.00102969 0.000514845 0.000257423 
0 0.00102984 0.000514921 0.000257461 
0 0.00102999 0.000514997 0.000257499 
0 0.00103015 0.000515073 0.000257537 
0 0.0010303 0.000515149 0.000257575 
0 0.00103045 0.000515225 0.000257612 
0 0.0010306 0.0005153 0.00025765 
0 0.00103075 0.000515376 0.000257688 
0 0.0010309 0.000515451 0.000257725 
0 0.00103105 0.000515526 0.000257763 
0 0.0010312 0.000515601 0.000257801 
0 0.00103135 0.000515676 0.000257838 
0 0.0010315 0.000515751 0.000257875 
0 0.00103165 0.000515826 0.000257913 
0 0.0010318 0.0005159 0.00025795 
0 0.00103195 0.000515975 0.000257987 
0 0.0010321 0.000516049 0.000258025 
0 0.00103225 0.000516124 0.000258062 
0 0.0010324 0.000516198 0.000258099 
0 0.00103254 0.000516272 0.000258136 
0 0.00103269 0.000516346 0.000258173 
0 0.00103284 0.00051642 0.00025821 
0 0.00103299 0.000516493 0.000258247 
0 0.00103313 0.000516567 0.000258283 
0 0.00103328 0.00051664 0.00025832 
0 0.00103343 0.000516714 0.000258357 
0 0.00103357 0.000516787 0.000258393 
0 0.00103372 0.00051686 0.00025843 
0 0.00103387 0.000516933 0.000258467 
0 0.00103401 0.000517006 0.000258503 
0 0.00103416 0.000517079 0.000258539 
0 0.0010343 0.000517152 0.000258576 
0 0.00103445 0.000517224 0.000258612 
0 0.00103459 0.000517297 0.000258648 
0 0.00103474 0.000517369 0.000258685 
0 0.00103488 0.000517442 0.000258721 
0 0.00103503 0.000517514 0.000258757 
0 0.00103517 0.000517586 0.000258793 
0 0.00103532 0.000517658 0.000258829 
0 0.00103546 0.00051773 0.000258865 
0 0.0010356 0.000517801 0.000258901 
0 0.00103575 0.000517873 0.000258937 
0 0.00103589 0.000517945 0.000258972 
0 0.00103603 0.000518016 0.000259008 
0 0.00103617 0.000518087 0.000259044 
0 0.00103632 0.000518159 0.000259079 
0 0.00103646 0.00051823 0.000259115 
0 0.0010366 0.000518301 0.00025915 
0 0.00103674 0.000518372 0.000259186 
0 0.00103688 0.000518442 0.000259221 
0 0.00103703 0.000518513 0.000259257 
0 0.00103717 0.000518584 0.000259292 
0 0.00103731 0.000518654 0.000259327 
0 0.00103745 0.000518725 0.000259362 
0 0.00103759 0.000518795 0.000259397 
0 0.00103773 0.000518865 0.000259433 
0 0.00103787 0.000518935 0.000259468 
0 0.00103801 0.000519005 0.000259503 
0 0.00103815 0.000519075 0.000259537 
0 0.00103829 0.000519145 0.000259572 
0 0.00103843 0.000519214 0.000259607 
0 0.00103857 0.000519284 0.000259642 
0 0.00103871 0.000519353 0.000259677 
0 0.00103885 0.000519423 0.000259711 
0 0.00103898 0.000519492 0.000259746 
0 0.00103912 0.000519561 0.000259781 
0 0.00103926 0.00051963 0.000259815 
0 0.0010394 0.000519699 0.00025985 
0 0.00103954 0.000519768 0.000259884 
0 0.00103967 0.000519837 0.000259918 
0 0.00103981 0.000519906 0.000259953 
0 0.00103995 0.000519974 0.000259987 
0 0.00104009 0.000520043 0.000260021 
0 0.00104022 0.000520111 0.000260055 
0 0.00104036 0.000520179 0.00026009 
0 0.00104049 0.000520247 0.000260124 
0 0.00104063 0.000520315 0.000260158 
0 0.00104077 0.000520383 0.000260192 
0 0.0010409 0.000520451 0.000260226 
0 0.00104104 0.000520519 0.000260259 
0 0.00104117 0.000520587 0.000260293 
0 0.00104131 0.000520654 0.000260327 
0 0.00104144 0.000520722 0.000260361 
0 0.00104158 0.000520789 0.000260395 
0 0.00104171 0.000520856 0.000260428 
0 0.00104185 0.000520923 0.000260462 
0 0.00104198 0.000520991 0.000260495 
0 0.00104212 0.000521058 0.000260529 
0 0.00104225 0.000521124 0.000260562 
0 0.00104238 0.000521191 0.000260596 
0 0.00104252 0.000521258 0.000260629 
0 0.00104265 0.000521325 0.000260662 
0 0.00104278 0.000521391 0.000260696 
0 0.00104291 0.000521457 0.000260729 
0 0.00104305 0.000521524 0.000260762 
0 0.00104318 0.00052159 0.000260795 
0 0.00104331 0.000521656 0.000260828 
0 0.00104344 0.000521722 0.000260861 
0 0.00104358 0.000521788 0.000260894 
0 0.00104371 0.000521854 0.000260927 
0 0.00104384 0.00052192 0.00026096 
0 0.00104397 0.000521985 0.000260993 
0 0.0010441 0.000522051 0.000261025 
0 0.00104423 0.000522116 0.000261058 
0 0.00104436 0.000522182 0.000261091 
0 0.00104449 0.000522247 0.000261124 
0 0.00104462 0.000522312 0.000261156 
0 0.00104475 0.000522377 0.000261189 
0 0.00104488 0.000522442 0.000261221 
0 0.00104501 0.000522507 0.000261254 
0 0.00104514 0.000522572 0.000261286 
0 0.00104527 0.000522637 0.000261318 
0 0.0010454 0.000522701 0.000261351 
0 0.00104553 0.000522766 0.000261383 
0 0.00104566 0.00052283 0.000261415 
0 0.00104579 0.000522895 0.000261447 
0 0.00104592 0.000522959 0.00026148 
0 0.00104605 0.000523023 0.000261512 
0 0.00104617 0.000523087 0.000261544 
0 0.0010463 0.000523151 0.000261576 
0 0.00104643 0.000523215 0.000261608 
0 0.00104656 0.000523279 0.00026164 
0 0.00104669 0.000523343 0.000261671 
0 0.00104681 0.000523407 0.000261703 
0 0.00104694 0.00052347 0.000261735 
0 0.00104707 0.000523534 0.000261767 
0 0.00104719 0.000523597 0.000261798 
0 0.00104732 0.00052366 0.00026183 
0 0.00104745 0.000523723 0.000261862 
0 0.00104757 0.000523787 0.000261893 
0 0.0010477 0.00052385 0.000261925 
0 0.00104783 0.000523913 0.000261956 
0 0.00104795 0.000523975 0.000261988 
0 0.00104808 0.000524038 0.000262019 
0 0.0010482 0.000524101 0.00026205 
0 0.00104833 0.000524163 0.000262082 
0 0.00104845 0.000524226 0.000262113 
0 0.00104858 0.000524288 0.000262144 
0 0.0010487 0.000524351 0.000262175 
0 0.00104883 0.000524413 0.000262206 
0 0.00104895 0.000524475 0.000262238 
0 0.00104907 0.000524537 0.000262269 
0 0.0010492 0.000524599 0.0002623 
0 0.00104932 0.000524661 0.000262331 
0 0.00104945 0.000524723 0.000262361 
0 0.00104957 0.000524785 0.000262392 
0 0.00104969 0.000524846 0.000262423 
0 0.00104982 0.000524908 0.000262454 
0 0.00104994 0.000524969 0.000262485 
0 0.00105006 0.000525031 0.000262515 
0 0.00105018 0.000525092 0.000262546 
0 0.00105031 0.000525153 0.000262577 
0 0.00105043 0.000525214 0.000262607 
0 0.00105055 0.000525275 0.000262638 
0 0.00105067 0.000525336 0.000262668 
0 0.00105079 0.000525397 0.000262699 
0 0.00105092 0.000525458 0.000262729 
0 0.00105104 0.000525519 0.000262759 
0 0.00105116 0.000525579 0.00026279 
0 0.00105128 0.00052564 0.00026282 
0 0.0010514 0.0005257 0.00026285 
0 0.00105152 0.000525761 0.00026288 
0 0.00105164 0.000525821 0.000262911 
0 0.00105176 0.000525881 0.000262941 
0 0.00105188 0.000525942 0.000262971 
0 0.001052 0.000526002 0.000263001 
0 0.00105212 0.000526062 0.000263031 
0 0.00105224 0.000526121 0.000263061 
0 0.00105236 0.000526181 0.000263091 
0 0.00105248 0.000526241 0.000263121 
0 0.0010526 0.000526301 0.00026315 
0 0.00105272 0.00052636 0.00026318 
0 0.00105284 0.00052642 0.00026321 
0 0.00105296 0.000526479 0.00026324 
0 0.00105308 0.000526538 0.000263269 
0 0.0010532 0.000526598 0.000263299 
0 0.00105331 0.000526657 0.000263328 
0 0.00105343 0.000526716 0.000263358 
0 0.00105355 0.000526775 0.000263387 
0 0.00105367 0.000526834 0.000263417 
0 0.00105379 0.000526893 0.000263446 
0 0.0010539 0.000526952 0.000263476 
0 0.00105402 0.00052701 0.000263505 
0 0.00105414 0.000527069 0.000263534 
0 0.00105425 0.000527127 0.000263564 
0 0.00105437 0.000527186 0.000263593 
0 0.00105449 0.000527244 0.000263622 
0 0.00105461 0.000527303 0.000263651 
0 0.00105472 0.000527361 0.00026368 
0 0.00105484 0.000527419 0.000263709 
0 0.00105495 0.000527477 0.000263738 
0 0.00105507 0.000527535 0.000263767 
0 0.00105519 0.000527593 0.000263796 
0 0.0010553 0.000527651 0.000263825 
0 0.00105542 0.000527708 0.000263854 
0 0.00105553 0.000527766 0.000263883 
0 0.00105565 0.000527824 0.000263912 
0 0.00105576 0.000527881 0.000263941 
0 0.00105588 0.000527939 0.000263969 
0 0.00105599 0.000527996 0.000263998 
0 0.00105611 0.000528053 0.000264027 
0 0.00105622 0.000528111 0.000264055 
0 0.00105634 0.000528168 0.000264084 
0 0.00105645 0.000528225 0.000264112 
0 0.00105656 0.000528282 0.000264141 
0 0.00105668 0.000528339 0.000264169 
0 0.00105679 0.000528396 0.000264198 
0 0.0010569 0.000528452 0.000264226 
0 0.00105702 0.000528509 0.000264254 
0 0.00105713 0.000528566 0.000264283 
0 0.00105724 0.000528622 0.000264311 
0 0.00105736 0.000528679 0.000264339 
0 0.00105747 0.000528735 0.000264368 
0 0.00105758 0.000528791 0.000264396 
0 0.0010577 0.000528848 0.000264424 
0 0.00105781 0.000528904 0.000264452 
0 0.00105792 0.00052896 0.00026448 
0 0.00105803 0.000529016 0.000264508 
0 0.00105814 0.000529072 0.000264536 
0 0.00105826 0.000529128 0.000264564 
0 0.00105837 0.000529183 0.000264592 
0 0.00105848 0.000529239 0.00026462 
0 0.00105859 0.000529295 0.000264647 
0 0.0010587 0.00052935 0.000264675 
0 0.00105881 0.000529406 0.000264703 
0 0.00105892 0.000529461 0.000264731 
0 0.00105903 0.000529517 0.000264758 
0 0.00105914 0.000529572 0.000264786 
0 0.00105925 0.000529627 0.000264814 
0 0.00105936 0.000529682 0.000264841 
0 0.00105947 0.000529737 0.000264869 
0 0.00105958 0.000529792 0.000264896 
0 0.00105969 0.000529847 0.000264924 
0 0.0010598 0.000529902 0.000264951 
0 0.00105991 0.000529957 0.000264979 
0 0.00106002 0.000530012 0.000265006 
0 0.00106013 0.000530066 0.000265033 
0 0.00106024 0.000530121 0.00026506 
0 0.00106035 0.000530175 0.000265088 
0 0.00106046 0.00053023 0.000265115 
0 0.00106057 0.000530284 0.000265142 
0 0.00106068 0.000530339 0.000265169 
0 0.00106079 0.000530393 0.000265196 
0 0.00106089 0.000530447 0.000265223 
0 0.001061 0.000530501 0.000265251 
0 0.00106111 0.000530555 0.000265278 
0 0.00106122 0.000530609 0.000265304 
0 0.00106133 0.000530663 0.000265331 
0 0.00106143 0.000530717 0.000265358 
0 0.00106154 0.00053077 0.000265385 
0 0.00106165 0.000530824 0.000265412 
0 0.00106176 0.000530878 0.000265439 
0 0.00106186 0.000530931 0.000265466 
0 0.00106197 0.000530985 0.000265492 
0 0.00106208 0.000531038 0.000265519 
0 0.00106218 0.000531091 0.000265546 
0 0.00106229 0.000531145 0.000265572 
0 0.0010624 0.000531198 0.000265599 
0 0.0010625 0.000531251 0.000265625 
0 0.00106261 0.000531304 0.000265652 
0 0.00106271 0.000531357 0.000265678 
0 0.00106282 0.00053141 0.000265705 
0 0.00106293 0.000531463 0.000265731 
0 0.00106303 0.000531515 0.000265758 
0 0.00106314 0.000531568 0.000265784 
0 0.00106324 0.000531621 0.00026581 
0 0.00106335 0.000531673 0.000265837 
0 0.00106345 0.000531726 0.000265863 
0 0.00106356 0.000531778 0.000265889 
0 0.00106366 0.000531831 0.000265915 
0 0.00106377 0.000531883 0.000265941 
0 0.00106387 0.000531935 0.000265968 
0 0.00106397 0.000531987 0.000265994 
0 0.00106408 0.000532039 0.00026602 
0 0.00106418 0.000532092 0.000266046 
0 0.00106429 0.000532143 0.000266072 
0 0.00106439 0.000532195 0.000266098 
0 0.00106449 0.000532247 0.000266124 
0 0.0010646 0.000532299 0.00026615 
0 0.0010647 0.000532351 0.000266175 
0 0.0010648 0.000532402 0.000266201 
0 0.00106491 0.000532454 0.000266227 
0 0.00106501 0.000532505 0.000266253 
0 0.00106511 0.000532557 0.000266278 
0 0.00106522 0.000532608 0.000266304 
0 0.00106532 0.00053266 0.00026633 
0 0.00106542 0.000532711 0.000266355 
0 0.00106552 0.000532762 0.000266381 
0 0.00106563 0.000532813 0.000266407 
0 0.00106573 0.000532864 0.000266432 
0 0.00106583 0.000532915 0.000266458 
0 0.00106593 0.000532966 0.000266483 
0 0.00106603 0.000533017 0.000266509 
0 0.00106614 0.000533068 0.000266534 
0 0.00106624 0.000533119 0.000266559 
0 0.00106634 0.000533169 0.000266585 
0 0.00106644 0.00053322 0.00026661 
0 0.00106654 0.00053327 0.000266635 
0 0.00106664 0.000533321 0.00026666 
0 0.00106674 0.000533371 0.000266686 
0 0.00106684 0.000533422 0.000266711 
0 0.00106694 0.000533472 0.000266736 
0 0.00106704 0.000533522 0.000266761 
0 0.00106714 0.000533572 0.000266786 
0 0.00106725 0.000533623 0.000266811 
0 0.00106735 0.000533673 0.000266836 
0 0.00106745 0.000533723 0.000266861 
0 0.00106754 0.000533772 0.000266886 
0 0.00106764 0.000533822 0.000266911 
0 0.00106774 0.000533872 0.000266936 
0 0.00106784 0.000533922 0.000266961 
0 0.00106794 0.000533972 0.000266986 
0 0.00106804 0.000534021 0.000267011 
0 0.00106814 0.000534071 0.000267035 
0 0.00106824 0.00053412 0.00026706 
0 0.00106834 0.00053417 0.000267085 
0 0.00106844 0.000534219 0.00026711 
0 0.00106854 0.000534268 0.000267134 
0 0.00106864 0.000534318 0.000267159 
0 0.00106873 0.000534367 0.000267183 
0 0.00106883 0.000534416 0.000267208 
0 0.00106893 0.000534465 0.000267232 
0 0.00106903 0.000534514 0.000267257 
0 0.00106913 0.000534563 0.000267281 
0 0.00106922 0.000534612 0.000267306 
0 0.00106932 0.000534661 0.00026733 
0 0.00106942 0.000534709 0.000267355 
0 0.00106952 0.000534758 0.000267379 
0 0.00106961 0.000534807 0.000267403 
0 0.00106971 0.000534855 0.000267428 
0 0.00106981 0.000534904 0.000267452 
0 0.0010699 0.000534952 0.000267476 
0 0.00107 0.000535001 0.0002675 
0 0.0010701 0.000535049 0.000267525 
0 0.00107019 0.000535097 0.000267549 
0 0.00107029 0.000535146 0.000267573 
0 0.00107039 0.000535194 0.000267597 
0 0.00107048 0.000535242 0.000267621 
0 0.00107058 0.00053529 0.000267645 
0 0.00107068 0.000535338 0.000267669 
0 0.00107077 0.000535386 0.000267693 
0 0.00107087 0.000535434 0.000267717 
0 0.00107096 0.000535482 0.000267741 
0 0.00107106 0.000535529 0.000267765 
0 0.00107115 0.000535577 0.000267789 
0 0.00107125 0.000535625 0.000267812 
0 0.00107134 0.000535672 0.000267836 
0 0.00107144 0.00053572 0.00026786 
0 0.00107153 0.000535767 0.000267884 
0 0.00107163 0.000535816 0.000267908 
0 0.00107173 0.000535864 0.000267932 
0 0.00107182 0.000535912 0.000267956 
0 0.00107192 0.000535959 0.00026798 
0 0.00107201 0.000536007 0.000268003 
0 0.00107211 0.000536054 0.000268027 
0 0.0010722 0.000536102 0.000268051 
0 0.0010723 0.000536149 0.000268074 
0 0.00107239 0.000536196 0.000268098 
0 0.00107249 0.000536243 0.000268122 
0 0.00107258 0.00053629 0.000268145 
0 0.00107267 0.000536337 0.000268168 
0 0.00107277 0.000536384 0.000268192 
0 0.00107286 0.000536431 0.000268215 
0 0.00107295 0.000536477 0.000268239 
0 0.00107305 0.000536524 0.000268262 
0 0.00107314 0.000536571 0.000268285 
0 0.00107323 0.000536617 0.000268309 
0 0.00107333 0.000536664 0.000268332 
0 0.00107342 0.00053671 0.000268355 
0 0.00107351 0.000536757 0.000268378 
0 0.00107361 0.000536803 0.000268401 
0 0.0010737 0.000536849 0.000268425 
0 0.00107379 0.000536895 0.000268448 
0 0.00107388 0.000536942 0.000268471 
0 0.00107398 0.000536988 0.000268494 
0 0.00107407 0.000537034 0.000268517 
0 0.00107416 0.00053708 0.00026854 
0 0.00107425 0.000537126 0.000268563 
0 0.00107434 0.000537171 0.000268586 
0 0.00107443 0.000537217 0.000268609 
0 0.00107453 0.000537263 0.000268631 
0 0.00107462 0.000537309 0.000268654 
0 0.00107471 0.000537354 0.000268677 
0 0.0010748 0.0005374 0.0002687 
0 0.00107489 0.000537445 0.000268723 
0 0.00107498 0.000537491 0.000268745 
0 0.00107507 0.000537536 0.000268768 
0 0.00107516 0.000537582 0.000268791 
0 0.00107525 0.000537627 0.000268813 
0 0.00107534 0.000537672 0.000268836 
0 0.00107543 0.000537717 0.000268859 
0 0.00107553 0.000537763 0.000268881 
0 0.00107562 0.000537808 0.000268904 
0 0.00107571 0.000537853 0.000268926 
0 0.0010758 0.000537898 0.000268949 
0 0.00107589 0.000537943 0.000268971 
0 0.00107597 0.000537987 0.000268994 
0 0.00107606 0.000538032 0.000269016 
0 0.00107615 0.000538077 0.000269038 
0 0.00107624 0.000538122 0.000269061 
0 0.00107633 0.000538166 0.000269083 
0 0.00107642 0.000538211 0.000269105 
0 0.00107651 0.000538255 0.000269128 
0 0.0010766 0.0005383 0.00026915 
0 0.00107669 0.000538344 0.000269172 
0 0.00107678 0.000538389 0.000269194 
0 0.00107687 0.000538433 0.000269217 
0 0.00107695 0.000538477 0.000269239 
0 0.00107704 0.000538522 0.000269261 
0 0.00107713 0.000538566 0.000269283 
0 0.00107722 0.00053861 0.000269305 
0 0.00107731 0.000538654 0.000269327 
0 0.0010774 0.000538698 0.000269349 
0 0.00107748 0.000538742 0.000269371 
0 0.00107757 0.000538786 0.000269393 
0 0.00107766 0.00053883 0.000269415 
0 0.00107775 0.000538874 0.000269437 
0 0.00107783 0.000538917 0.000269459 
0 0.00107792 0.000538961 0.000269481 
0 0.00107801 0.000539005 0.000269502 
0 0.0010781 0.000539048 0.000269524 
0 0.00107818 0.000539092 0.000269546 
0 0.00107827 0.000539135 0.000269568 
0 0.00107836 0.000539179 0.000269589 
0 0.00107844 0.000539222 0.000269611 
0 0.00107853 0.000539266 0.000269633 
0 0.00107862 0.000539309 0.000269654 
0 0.0010787 0.000539352 0.000269676 
0 0.00107879 0.000539395 0.000269698 
0 0.00107888 0.000539439 0.000269719 
0 0.00107896 0.000539482 0.000269741 
0 0.00107905 0.000539525 0.000269762 
0 0.00107914 0.000539568 0.000269784 
0 0.00107922 0.000539611 0.000269805 
0 0.00107931 0.000539654 0.000269827 
0 0.00107939 0.000539696 0.000269848 
0 0.00107948 0.000539739 0.00026987 
0 0.00107956 0.000539782 0.000269891 
0 0.00107965 0.000539825 0.000269912 
0 0.00107973 0.000539867 0.000269934 
0 0.00107982 0.00053991 0.000269955 
0 0.00107991 0.000539953 0.000269976 
0 0.00107999 0.000539995 0.000269998 
0 0.00108007 0.000540037 0.000270019 
0 0.00108016 0.00054008 0.00027004 
0 0.00108024 0.000540122 0.000270061 
0 0.00108033 0.000540165 0.000270082 
0 0.00108041 0.000540207 0.000270103 
0 0.0010805 0.000540249 0.000270125 
0 0.00108058 0.000540291 0.000270146 
0 0.00108067 0.000540333 0.000270167 
0 0.00108075 0.000540375 0.000270188 
0 0.00108083 0.000540417 0.000270209 
0 0.00108092 0.000540459 0.00027023 
0 0.001081 0.000540501 0.000270251 
0 0.00108109 0.000540543 0.000270272 
0 0.00108117 0.000540585 0.000270293 
0 0.00108125 0.000540627 0.000270313 
0 0.00108134 0.000540669 0.000270334 
0 0.00108142 0.00054071 0.000270355 
0 0.0010815 0.000540752 0.000270376 
0 0.00108159 0.000540793 0.000270397 
0 0.00108167 0.000540835 0.000270417 
0 0.00108175 0.000540876 0.000270438 
0 0.00108184 0.000540918 0.000270459 
0 0.00108192 0.000540959 0.00027048 
0 0.001082 0.000541001 0.0002705 
0 0.00108208 0.000541042 0.000270521 
0 0.00108217 0.000541083 0.000270542 
0 0.00108225 0.000541124 0.000270562 
0 0.00108233 0.000541166 0.000270583 
0 0.00108241 0.000541207 0.000270603 
0 0.0010825 0.000541248 0.000270624 
0 0.00108258 0.000541289 0.000270644 
0 0.00108266 0.00054133 0.000270665 
0 0.00108274 0.000541371 0.000270685 
0 0.00108282 0.000541412 0.000270706 
0 0.00108291 0.000541453 0.000270726 
0 0.00108299 0.000541493 0.000270747 
0 0.00108307 0.000541534 0.000270767 
0 0.00108315 0.000541575 0.000270787 
0 0.00108323 0.000541615 0.000270808 
0 0.00108331 0.000541656 0.000270828 
0 0.00108339 0.000541697 0.000270848 
0 0.00108347 0.000541737 0.000270869 
0 0.00108356 0.000541778 0.000270889 
0 0.00108364 0.000541818 0.000270909 
0 0.00108372 0.000541858 0.000270929 
0 0.0010838 0.000541899 0.000270949 
0 0.00108388 0.000541939 0.00027097 
0 0.00108396 0.000541979 0.00027099 
0 0.00108404 0.00054202 0.00027101 
0 0.00108412 0.00054206 0.00027103 
0 0.0010842 0.0005421 0.00027105 
0 0.00108428 0.00054214 0.00027107 
0 0.00108436 0.00054218 0.00027109 
0 0.00108444 0.00054222 0.00027111 
0 0.00108452 0.00054226 0.00027113 
0 0.0010846 0.0005423 0.00027115 
0 0.00108468 0.00054234 0.00027117 
0 0.00108476 0.000542379 0.00027119 
0 0.00108484 0.000542419 0.00027121 
0 0.00108492 0.000542459 0.000271229 
0 0.001085 0.000542499 0.000271249 
0 0.00108508 0.000542538 0.000271269 
0 0.00108516 0.000542578 0.000271289 
0 0.00108523 0.000542617 0.000271309 
0 0.00108531 0.000542657 0.000271328 
0 0.00108539 0.000542696 0.000271348 
0 0.00108547 0.000542736 0.000271368 
0 0.00108555 0.000542775 0.000271387 
0 0.00108563 0.000542814 0.000271407 
0 0.00108571 0.000542854 0.000271427 
0 0.00108579 0.000542893 0.000271446 
0 0.00108586 0.000542932 0.000271466 
0 0.00108594 0.000542971 0.000271486 
0 0.00108602 0.00054301 0.000271505 
0 0.0010861 0.000543049 0.000271525 
0 0.00108618 0.000543088 0.000271544 
0 0.00108625 0.000543127 0.000271564 
0 0.00108633 0.000543166 0.000271583 
0 0.00108641 0.000543205 0.000271603 
0 0.00108649 0.000543244 0.000271622 
0 0.00108657 0.000543283 0.000271641 
0 0.00108664 0.000543322 0.000271661 
0 0.00108672 0.00054336 0.00027168 
0 0.0010868 0.000543399 0.000271699 
0 0.00108688 0.000543438 0.000271719 
0 0.00108695 0.000543476 0.000271738 
0 0.00108703 0.000543515 0.000271757 
0 0.00108711 0.000543553 0.000271777 
0 0.00108718 0.000543592 0.000271796 
0 0.00108726 0.00054363 0.000271815 
0 0.00108734 0.000543669 0.000271834 
0 0.00108741 0.000543707 0.000271853 
0 0.00108749 0.000543745 0.000271873 
0 0.00108757 0.000543783 0.000271892 
0 0.00108764 0.000543822 0.000271911 
0 0.00108772 0.00054386 0.00027193 
0 0.0010878 0.000543898 0.000271949 
0 0.00108787 0.000543936 0.000271968 
0 0.00108795 0.000543974 0.000271987 
0 0.00108802 0.000544012 0.000272006 
0 0.0010881 0.00054405 0.000272025 
0 0.00108818 0.000544088 0.000272044 
0 0.00108825 0.000544126 0.000272063 
0 0.00108833 0.000544164 0.000272082 
0 0.0010884 0.000544202 0.000272101 
0 0.00108848 0.000544239 0.00027212 
0 0.00108855 0.000544277 0.000272139 
0 0.00108863 0.000544315 0.000272157 
0 0.0010887 0.000544352 0.000272176 
0 0.00108878 0.00054439 0.000272195 
0 0.00108886 0.000544428 0.000272214 
0 0.00108893 0.000544465 0.000272233 
0 0.001089 0.000544502 0.000272251 
0 0.00108908 0.00054454 0.00027227 
0 0.00108915 0.000544577 0.000272289 
0 0.00108923 0.000544615 0.000272307 
0 0.0010893 0.000544652 0.000272326 
0 0.00108938 0.000544689 0.000272345 
0 0.00108945 0.000544727 0.000272363 
0 0.00108953 0.000544764 0.000272382 
0 0.0010896 0.000544801 0.0002724 
0 0.00108968 0.000544838 0.000272419 
0 0.00108975 0.000544875 0.000272438 
0 0.00108982 0.000544912 0.000272456 
0 0.0010899 0.000544949 0.000272475 
0 0.00108997 0.000544986 0.000272493 
0 0.00109005 0.000545023 0.000272512 
0 0.00109012 0.00054506 0.00027253 
0 0.00109019 0.000545097 0.000272548 
0 0.00109027 0.000545134 0.000272567 
0 0.00109034 0.00054517 0.000272585 
0 0.00109041 0.000545207 0.000272604 
0 0.00109049 0.000545244 0.000272622 
0 0.00109056 0.00054528 0.00027264 
0 0.00109063 0.000545317 0.000272658 
0 0.00109071 0.000545354 0.000272677 
0 0.00109078 0.00054539 0.000272695 
0 0.00109085 0.000545427 0.000272713 
0 0.00109093 0.000545463 0.000272732 
0 0.001091 0.000545499 0.00027275 
0 0.00109107 0.000545536 0.000272768 
0 0.00109114 0.000545572 0.000272786 
0 0.00109122 0.000545608 0.000272804 
0 0.00109129 0.000545645 0.000272822 
0 0.00109136 0.000545681 0.00027284 
0 0.00109143 0.000545717 0.000272859 
0 0.00109151 0.000545753 0.000272877 
0 0.00109158 0.000545789 0.000272895 
0 0.00109165 0.000545825 0.000272913 
0 0.00109172 0.000545861 0.000272931 
0 0.00109179 0.000545897 0.000272949 
0 0.00109187 0.000545933 0.000272967 
0 0.00109194 0.000545969 0.000272985 
0 0.00109201 0.000546005 0.000273003 
0 0.00109208 0.000546041 0.000273021 
0 0.00109215 0.000546077 0.000273038 
0 0.00109223 0.000546113 0.000273056 
0 0.0010923 0.000546148 0.000273074 
0 0.00109237 0.000546184 0.000273092 
0 0.00109244 0.00054622 0.00027311 
0 0.00109251 0.000546255 0.000273128 
0 0.00109258 0.000546291 0.000273145 
0 0.00109265 0.000546326 0.000273163 
0 0.00109272 0.000546362 0.000273181 
0 0.00109279 0.000546397 0.000273199 
0 0.00109287 0.000546433 0.000273216 
0 0.00109294 0.000546468 0.000273234 
0 0.00109301 0.000546504 0.000273252 
0 0.00109308 0.000546539 0.000273269 
0 0.00109315 0.000546574 0.000273287 
0 0.00109322 0.00054661 0.000273305 
0 0.00109329 0.000546645 0.000273322 
0 0.00109336 0.00054668 0.00027334 
0 0.00109343 0.000546715 0.000273358 
0 0.0010935 0.00054675 0.000273375 
0 0.00109357 0.000546785 0.000273393 
0 0.00109364 0.00054682 0.00027341 
0 0.00109371 0.000546855 0.000273428 
0 0.00109378 0.00054689 0.000273445 
0 0.00109385 0.000546925 0.000273463 
0 0.00109392 0.00054696 0.00027348 
0 0.00109399 0.000546995 0.000273497 
0 0.00109406 0.00054703 0.000273515 
0 0.00109413 0.000547064 0.000273532 
0 0.0010942 0.000547099 0.00027355 
0 0.00109427 0.000547134 0.000273567 
0 0.00109434 0.000547169 0.000273584 
0 0.00109441 0.000547203 0.000273602 
0 0.00109448 0.000547238 0.000273619 
0 0.00109454 0.000547272 0.000273636 
0 0.00109461 0.000547307 0.000273653 
0 0.00109468 0.000547341 0.000273671 
0 0.00109475 0.000547376 0.000273688 
0 0.00109482 0.00054741 0.000273705 
0 0.00109489 0.000547445 0.000273722 
0 0.00109496 0.000547479 0.00027374 
0 0.00109503 0.000547513 0.000273757 
0 0.0010951 0.000547548 0.000273774 
0 0.00109516 0.000547582 0.000273791 
0 0.00109523 0.000547616 0.000273808 
0 0.0010953 0.00054765 0.000273825 
0 0.00109537 0.000547684 0.000273842 
0 0.00109544 0.000547719 0.000273859 
0 0.00109551 0.000547753 0.000273876 
0 0.00109557 0.000547787 0.000273893 
0 0.00109564 0.000547821 0.00027391 
0 0.00109571 0.000547855 0.000273927 
0 0.00109578 0.000547889 0.000273944 
0 0.00109585 0.000547923 0.000273961 
0 0.00109591 0.000547956 0.000273978 
0 0.00109598 0.00054799 0.000273995 
0 0.00109605 0.000548024 0.000274012 
0 0.00109612 0.000548058 0.000274029 
0 0.00109618 0.000548092 0.000274046 
0 0.00109625 0.000548125 0.000274063 
0 0.00109632 0.000548159 0.000274079 
0 0.00109639 0.000548193 0.000274096 
0 0.00109645 0.000548226 0.000274113 
0 0.00109652 0.00054826 0.00027413 
0 0.00109659 0.000548293 0.000274147 
0 0.00109665 0.000548327 0.000274163 
0 0.00109672 0.00054836 0.00027418 
0 0.00109679 0.000548394 0.000274197 
0 0.00109685 0.000548427 0.000274214 
0 0.00109692 0.00054846 0.00027423 
0 0.00109699 0.000548494 0.000274247 
0 0.00109705 0.000548527 0.000274264 
0 0.00109712 0.00054856 0.00027428 
0 0.00109719 0.000548593 0.000274297 
0 0.00109725 0.000548627 0.000274313 
0 0.00109732 0.00054866 0.00027433 
0 0.00109739 0.000548693 0.000274346 
0 0.00109745 0.000548726 0.000274363 
0 0.00109752 0.000548759 0.00027438 
0 0.00109758 0.000548792 0.000274396 
0 0.00109765 0.000548825 0.000274413 
0 0.00109772 0.000548858 0.000274429 
0 0.00109778 0.000548891 0.000274446 
0 0.00109785 0.000548924 0.000274462 
0 0.00109791 0.000548957 0.000274478 
0 0.00109798 0.00054899 0.000274495 
0 0.00109804 0.000549022 0.000274511 
0 0.00109811 0.000549055 0.000274528 
0 0.00109818 0.000549088 0.000274544 
0 0.00109824 0.000549121 0.00027456 
0 0.00109831 0.000549153 0.000274577 
0 0.00109837 0.000549186 0.000274593 
0 0.00109844 0.000549219 0.000274609 
0 0.0010985 0.000549251 0.000274626 
0 0.00109857 0.000549284 0.000274642 
0 0.00109863 0.000549316 0.000274658 
0 0.0010987 0.000549349 0.000274674 
0 0.00109876 0.000549381 0.000274691 
0 0.00109883 0.000549414 0.000274707 
0 0.00109889 0.000549446 0.000274723 
0 0.00109896 0.000549478 0.000274739 
0 0.00109902 0.000549511 0.000274755 
0 0.00109909 0.000549543 0.000274771 
0 0.00109915 0.000549575 0.000274788 
0 0.00109921 0.000549607 0.000274804 
0 0.00109928 0.00054964 0.00027482 
0 0.00109934 0.000549672 0.000274836 
0 0.00109941 0.000549704 0.000274852 
0 0.00109947 0.000549736 0.000274868 
0 0.00109954 0.000549768 0.000274884 
0 0.0010996 0.0005498 0.0002749 
0 0.00109966 0.000549832 0.000274916 
0 0.00109973 0.000549864 0.000274932 
0 0.00109979 0.000549896 0.000274948 
0 0.00109986 0.000549928 0.000274964 
0 0.00109992 0.00054996 0.00027498 
0 0.00109998 0.000549992 0.000274996 
0 0.00110005 0.000550024 0.000275012 
0 0.00110011 0.000550055 0.000275028 
0 0.00110017 0.000550087 0.000275044 
0 0.00110024 0.000550119 0.000275059 
0 0.0011003 0.00055015 0.000275075 
0 0.00110036 0.000550182 0.000275091 
0 0.00110043 0.000550214 0.000275107 
0 0.00110049 0.000550245 0.000275123 
0 0.00110055 0.000550277 0.000275138 
0 0.00110062 0.000550309 0.000275154 
0 0.00110068 0.00055034 0.00027517 
0 0.00110074 0.000550372 0.000275186 
0 0.00110081 0.000550403 0.000275201 
0 0.00110087 0.000550434 0.000275217 
0 0.00110093 0.000550466 0.000275233 
0 0.00110099 0.000550497 0.000275249 
0 0.00110106 0.000550528 0.000275264 
0 0.00110112 0.00055056 0.00027528 
0 0.00110118 0.000550591 0.000275296 
0 0.00110124 0.000550622 0.000275311 
0 0.00110131 0.000550654 0.000275327 
0 0.00110137 0.000550685 0.000275342 
0 0.00110143 0.000550716 0.000275358 
0 0.00110149 0.000550747 0.000275374 
0 0.00110156 0.000550778 0.000275389 
0 0.00110162 0.000550809 0.000275405 
0 0.00110168 0.00055084 0.00027542 
0 0.00110174 0.000550871 0.000275436 
0 0.0011018 0.000550902 0.000275451 
0 0.00110187 0.000550933 0.000275467 
0 0.00110193 0.000550964 0.000275482 
0 0.00110199 0.000550995 0.000275497 
0 0.00110205 0.000551026 0.000275513 
0 0.00110211 0.000551057 0.000275528 
0 0.00110217 0.000551087 0.000275544 
0 0.00110224 0.000551118 0.000275559 
0 0.0011023 0.000551149 0.000275574 
0 0.00110236 0.00055118 0.00027559 
0 0.00110242 0.00055121 0.000275605 
0 0.00110248 0.000551241 0.000275621 
0 0.00110254 0.000551272 0.000275636 
0 0.0011026 0.000551302 0.000275651 
0 0.00110267 0.000551333 0.000275666 
0 0.00110273 0.000551363 0.000275682 
0 0.00110279 0.000551394 0.000275697 
0 0.00110285 0.000551424 0.000275712 
0 0.00110291 0.000551455 0.000275727 
0 0.00110297 0.000551485 0.000275743 
0 0.00110303 0.000551516 0.000275758 
0 0.00110309 0.000551546 0.000275773 
0 0.00110315 0.000551576 0.000275788 
0 0.00110321 0.000551607 0.000275803 
0 0.00110327 0.000551637 0.000275818 
0 0.00110333 0.000551667 0.000275834 
0 0.00110339 0.000551697 0.000275849 
0 0.00110346 0.000551728 0.000275864 
0 0.00110352 0.000551758 0.000275879 
0 0.00110358 0.000551788 0.000275894 
0 0.00110364 0.000551818 0.000275909 
0 0.0011037 0.000551848 0.000275924 
0 0.00110376 0.000551878 0.000275939 
0 0.00110382 0.000551908 0.000275954 
0 0.00110388 0.000551938 0.000275969 
0 0.00110394 0.000551968 0.000275984 
0 0.001104 0.000551998 0.000275999 
0 0.00110406 0.000552028 0.000276014 
0 0.00110412 0.000552058 0.000276029 
0 0.00110418 0.000552088 0.000276044 
0 0.00110424 0.000552118 0.000276059 
0 0.0011043 0.000552148 0.000276074 
0 0.00110435 0.000552177 0.000276089 
0 0.00110441 0.000552207 0.000276104 
0 0.00110447 0.000552237 0.000276118 
0 0.00110453 0.000552266 0.000276133 
0 0.00110459 0.000552296 0.000276148 
0 0.00110465 0.000552326 0.000276163 
0 0.00110471 0.000552355 0.000276178 
0 0.00110477 0.000552385 0.000276193 
0 0.00110483 0.000552415 0.000276207 
0 0.00110489 0.000552444 0.000276222 
0 0.00110495 0.000552474 0.000276237 
0 0.00110501 0.000552503 0.000276252 
0 0.00110507 0.000552533 0.000276266 
0 0.00110512 0.000552562 0.000276281 
0 0.00110518 0.000552591 0.000276296 
0 0.00110524 0.000552621 0.00027631 
0 0.0011053 0.00055265 0.000276325 
0 0.00110536 0.000552679 0.00027634 
0 0.00110542 0.000552709 0.000276354 
0 0.00110548 0.000552738 0.000276369 
0 0.00110553 0.000552767 0.000276384 
0 0.00110559 0.000552797 0.000276398 
0 0.00110565 0.000552826 0.000276413 
0 0.00110571 0.000552855 0.000276427 
0 0.00110577 0.000552884 0.000276442 
0 0.00110583 0.000552913 0.000276457 
0 0.00110588 0.000552942 0.000276471 
0 0.00110594 0.000552971 0.000276486 
0 0.001106 0.000553 0.0002765 
0 0.00110606 0.000553029 0.000276515 
0 0.00110612 0.000553058 0.000276529 
0 0.00110617 0.000553087 0.000276544 
0 0.00110623 0.000553116 0.000276558 
0 0.00110629 0.000553145 0.000276573 
0 0.00110635 0.000553174 0.000276587 
0 0.00110641 0.000553203 0.000276601 
0 0.00110646 0.000553232 0.000276616 
0 0.00110652 0.000553261 0.00027663 
0 0.00110658 0.000553289 0.000276645 
0 0.00110664 0.000553318 0.000276659 
0 0.00110669 0.000553347 0.000276673 
0 0.00110675 0.000553375 0.000276688 
0 0.00110681 0.000553404 0.000276702 
0 0.00110687 0.000553433 0.000276716 
0 0.00110692 0.000553461 0.000276731 
0 0.00110698 0.00055349 0.000276745 
0 0.00110704 0.000553519 0.000276759 
0 0.00110709 0.000553547 0.000276774 
0 0.00110715 0.000553576 0.000276788 
0 0.00110721 0.000553604 0.000276802 
0 0.00110727 0.000553633 0.000276816 
0 0.00110732 0.000553661 0.000276831 
0 0.00110738 0.000553689 0.000276845 
0 0.00110744 0.000553718 0.000276859 
0 0.00110749 0.000553746 0.000276873 
0 0.00110755 0.000553775 0.000276887 
0 0.00110761 0.000553803 0.000276901 
0 0.00110766 0.000553831 0.000276916 
0 0.00110772 0.00055386 0.00027693 
0 0.00110778 0.000553888 0.000276944 
0 0.00110783 0.000553916 0.000276958 
0 0.00110789 0.000553944 0.000276972 
0 0.00110794 0.000553972 0.000276986 
0 0.001108 0.000554001 0.000277 
0 0.00110806 0.000554029 0.000277014 
0 0.00110811 0.000554057 0.000277028 
0 0.00110817 0.000554085 0.000277042 
0 0.00110823 0.000554113 0.000277056 
0 0.00110828 0.000554141 0.00027707 
0 0.00110834 0.000554169 0.000277084 
0 0.00110839 0.000554197 0.000277098 
0 0.00110845 0.000554225 0.000277112 
0 0.00110851 0.000554253 0.000277126 
0 0.00110856 0.000554281 0.00027714 
0 0.00110862 0.000554309 0.000277154 
0 0.00110867 0.000554336 0.000277168 
0 0.00110873 0.000554364 0.000277182 
0 0.00110878 0.000554392 0.000277196 
0 0.00110884 0.00055442 0.00027721 
0 0.0011089 0.000554448 0.000277224 
0 0.00110895 0.000554475 0.000277238 
0 0.00110901 0.000554503 0.000277252 
0 0.00110906 0.000554531 0.000277265 
0 0.00110912 0.000554558 0.000277279 
0 0.00110917 0.000554586 0.000277293 
0 0.00110923 0.000554614 0.000277307 
0 0.00110928 0.000554641 0.000277321 
0 0.00110934 0.000554669 0.000277334 
0 0.00110939 0.000554696 0.000277348 
0 0.00110945 0.000554724 0.000277362 
0 0.0011095 0.000554751 0.000277376 
0 0.00110956 0.000554779 0.000277389 
0 0.00110961 0.000554806 0.000277403 
0 0.00110967 0.000554834 0.000277417 
0 0.00110972 0.000554861 0.000277431 
0 0.00110978 0.000554889 0.000277444 
0 0.00110983 0.000554916 0.000277458 
0 0.00110989 0.000554943 0.000277472 
0 0.00110994 0.000554971 0.000277485 
0 0.00111 0.000554998 0.000277499 
0 0.00111005 0.000555025 0.000277513 
0 0.0011101 0.000555052 0.000277526 
0 0.00111016 0.00055508 0.00027754 
0 0.00111021 0.000555107 0.000277553 
0 0.00111027 0.000555134 0.000277567 
0 0.00111032 0.000555161 0.000277581 
0 0.00111038 0.000555188 0.000277594 
0 0.00111043 0.000555215 0.000277608 
0 0.00111049 0.000555243 0.000277621 
0 0.00111054 0.00055527 0.000277635 
0 0.00111059 0.000555297 0.000277648 
0 0.00111065 0.000555324 0.000277662 
0 0.0011107 0.000555351 0.000277675 
0 0.00111076 0.000555378 0.000277689 
0 0.00111081 0.000555405 0.000277702 
0 0.00111086 0.000555432 0.000277716 
0 0.00111092 0.000555458 0.000277729 
0 0.00111097 0.000555485 0.000277743 
0 0.00111102 0.000555512 0.000277756 
0 0.00111108 0.000555539 0.00027777 
0 0.00111113 0.000555566 0.000277783 
0 0.00111119 0.000555593 0.000277796 
0 0.00111124 0.000555619 0.00027781 
0 0.00111129 0.000555646 0.000277823 
0 0.00111135 0.000555673 0.000277836 
0 0.0011114 0.0005557 0.00027785 
0 0.00111145 0.000555726 0.000277863 
0 0.00111151 0.000555753 0.000277876 
0 0.00111156 0.00055578 0.00027789 
0 0.00111161 0.000555806 0.000277903 
0 0.00111167 0.000555833 0.000277916 
0 0.00111172 0.000555859 0.00027793 
0 0.00111177 0.000555886 0.000277943 
0 0.00111183 0.000555913 0.000277956 
0 0.00111188 0.000555939 0.00027797 
0 0.00111193 0.000555966 0.000277983 
0 0.00111198 0.000555992 0.000277996 
0 0.00111204 0.000556018 0.000278009 
0 0.00111209 0.000556045 0.000278022 
0 0.00111214 0.000556071 0.000278036 
0 0.0011122 0.000556098 0.000278049 
0 0.00111225 0.000556124 0.000278062 
0 0.0011123 0.00055615 0.000278075 
0 0.00111235 0.000556177 0.000278088 
0 0.00111241 0.000556203 0.000278102 
0 0.00111246 0.000556229 0.000278115 
0 0.00111251 0.000556256 0.000278128 
0 0.00111256 0.000556282 0.000278141 
0 0.00111262 0.000556308 0.000278154 
0 0.00111267 0.000556334 0.000278167 
0 0.00111272 0.00055636 0.00027818 
0 0.00111277 0.000556387 0.000278193 
0 0.00111283 0.000556413 0.000278206 
0 0.00111288 0.000556439 0.000278219 
0 0.00111293 0.000556465 0.000278232 
0 0.00111298 0.000556491 0.000278245 
0 0.00111303 0.000556517 0.000278258 
0 0.00111309 0.000556543 0.000278272 
0 0.00111314 0.000556569 0.000278285 
0 0.00111319 0.000556595 0.000278297 
0 0.00111324 0.000556621 0.00027831 
0 0.00111329 0.000556647 0.000278323 
0 0.00111335 0.000556673 0.000278336 
0 0.0011134 0.000556699 0.000278349 
0 0.00111345 0.000556725 0.000278362 
0 0.0011135 0.00055675 0.000278375 
0 0.00111355 0.000556776 0.000278388 
0 0.0011136 0.000556802 0.000278401 
0 0.00111366 0.000556828 0.000278414 
0 0.00111371 0.000556854 0.000278427 
0 0.00111376 0.00055688 0.00027844 
0 0.00111381 0.000556905 0.000278453 
0 0.00111386 0.000556931 0.000278465 
0 0.00111391 0.000556957 0.000278478 
0 0.00111396 0.000556982 0.000278491 
0 0.00111402 0.000557008 0.000278504 
0 0.00111407 0.000557034 0.000278517 
0 0.00111412 0.000557059 0.00027853 
0 0.00111417 0.000557085 0.000278542 
0 0.00111422 0.00055711 0.000278555 
0 0.00111427 0.000557136 0.000278568 
0 0.00111432 0.000557162 0.000278581 
0 0.00111437 0.000557187 0.000278594 
0 0.00111443 0.000557213 0.000278606 
0 0.00111448 0.000557238 0.000278619 
0 0.00111453 0.000557264 0.000278632 
0 0.00111458 0.000557289 0.000278645 
0 0.00111463 0.000557314 0.000278657 
0 0.00111468 0.00055734 0.00027867 
0 0.00111473 0.000557365 0.000278683 
0 0.00111478 0.000557391 0.000278695 
0 0.00111483 0.000557416 0.000278708 
0 0.00111488 0.000557441 0.000278721 
0 0.00111493 0.000557467 0.000278733 
0 0.00111498 0.000557492 0.000278746 
0 0.00111503 0.000557517 0.000278759 
0 0.00111508 0.000557542 0.000278771 
0 0.00111514 0.000557568 0.000278784 
0 0.00111519 0.000557593 0.000278796 
0 0.00111524 0.000557618 0.000278809 
0 0.00111529 0.000557643 0.000278822 
0 0.00111534 0.000557668 0.000278834 
0 0.00111539 0.000557694 0.000278847 
0 0.00111544 0.000557719 0.000278859 
0 0.00111549 0.000557744 0.000278872 
0 0.00111554 0.000557769 0.000278884 
0 0.00111559 0.000557794 0.000278897 
0 0.00111564 0.000557819 0.000278909 
0 0.00111569 0.000557844 0.000278922 
0 0.00111574 0.000557869 0.000278934 
0 0.00111579 0.000557894 0.000278947 
0 0.00111584 0.000557919 0.000278959 
0 0.00111589 0.000557944 0.000278972 
0 0.00111594 0.000557969 0.000278984 
0 0.00111599 0.000557994 0.000278997 
0 0.00111604 0.000558019 0.000279009 
0 0.00111609 0.000558043 0.000279022 
0 0.00111614 0.000558068 0.000279034 
0 0.00111619 0.000558093 0.000279047 
0 0.00111624 0.000558118 0.000279059 
0 0.00111629 0.000558143 0.000279071 
0 0.00111634 0.000558168 0.000279084 
0 0.00111638 0.000558192 0.000279096 
0 0.00111643 0.000558217 0.000279109 
0 0.00111648 0.000558242 0.000279121 
0 0.00111653 0.000558267 0.000279133 
0 0.00111658 0.000558291 0.000279146 
0 0.00111663 0.000558316 0.000279158 
0 0.00111668 0.000558341 0.00027917 
0 0.00111673 0.000558365 0.000279183 
0 0.00111678 0.00055839 0.000279195 
0 0.00111683 0.000558414 0.000279207 
0 0.00111688 0.000558439 0.00027922 
0 0.00111693 0.000558464 0.000279232 
0 0.00111698 0.000558488 0.000279244 
0 0.00111703 0.000558513 0.000279256 
0 0.00111707 0.000558537 0.000279269 
0 0.00111712 0.000558562 0.000279281 
0 0.00111717 0.000558586 0.000279293 
0 0.00111722 0.000558611 0.000279305 
0 0.00111727 0.000558635 0.000279318 
0 0.00111732 0.00055866 0.00027933 
0 0.00111737 0.000558684 0.000279342 
0 0.00111742 0.000558708 0.000279354 
0 0.00111747 0.000558733 0.000279366 
0 0.00111751 0.000558757 0.000279379 
0 0.00111756 0.000558781 0.000279391 
0 0.00111761 0.000558806 0.000279403 
0 0.00111766 0.00055883 0.000279415 
0 0.00111771 0.000558854 0.000279427 
0 0.00111776 0.000558879 0.000279439 
0 0.00111781 0.000558903 0.000279451 
0 0.00111785 0.000558927 0.000279464 
0 0.0011179 0.000558951 0.000279476 
0 0.00111795 0.000558976 0.000279488 
0 0.001118 0.000559 0.0002795 
0 0.00111805 0.000559024 0.000279512 
0 0.0011181 0.000559048 0.000279524 
0 0.00111814 0.000559072 0.000279536 
0 0.00111819 0.000559096 0.000279548 
0 0.00111824 0.00055912 0.00027956 
0 0.00111829 0.000559145 0.000279572 
0 0.00111834 0.000559169 0.000279584 
0 0.00111839 0.000559193 0.000279596 
0 0.00111843 0.000559217 0.000279608 
0 0.00111848 0.000559241 0.00027962 
0 0.00111853 0.000559265 0.000279632 
0 0.00111858 0.000559289 0.000279644 
0 0.00111863 0.000559313 0.000279656 
0 0.00111867 0.000559337 0.000279668 
0 0.00111872 0.000559361 0.00027968 
0 0.00111877 0.000559384 0.000279692 
0 0.00111882 0.000559408 0.000279704 
0 0.00111886 0.000559432 0.000279716 
0 0.00111891 0.000559456 0.000279728 
0 0.00111896 0.00055948 0.00027974 
0 0.00111901 0.000559504 0.000279752 
0 0.00111906 0.000559528 0.000279764 
0 0.0011191 0.000559551 0.000279776 
0 0.00111915 0.000559575 0.000279788 
0 0.0011192 0.000559599 0.0002798 
0 0.00111925 0.000559623 0.000279811 
0 0.00111929 0.000559647 0.000279823 
0 0.00111934 0.00055967 0.000279835 
0 0.00111939 0.000559694 0.000279847 
0 0.00111944 0.000559718 0.000279859 
0 0.00111948 0.000559741 0.000279871 
0 0.00111953 0.000559765 0.000279883 
0 0.00111958 0.000559789 0.000279894 
0 0.00111962 0.000559812 0.000279906 
0 0.00111967 0.000559836 0.000279918 
0 0.00111972 0.000559859 0.00027993 
0 0.00111977 0.000559883 0.000279942 
0 0.00111981 0.000559907 0.000279953 
0 0.00111986 0.00055993 0.000279965 
0 0.00111991 0.000559954 0.000279977 
0 0.00111995 0.000559977 0.000279989 
0 0.00112 0.000560001 0.00028 
0 0.00112005 0.000560024 0.000280012 
0 0.0011201 0.000560048 0.000280024 
0 0.00112014 0.000560071 0.000280036 
0 0.00112019 0.000560095 0.000280047 
0 0.00112024 0.000560118 0.000280059 
0 0.00112028 0.000560142 0.000280071 
0 0.00112033 0.000560165 0.000280082 
0 0.00112038 0.000560188 0.000280094 
0 0.00112042 0.000560212 0.000280106 
0 0.00112047 0.000560235 0.000280118 
0 0.00112052 0.000560258 0.000280129 
0 0.00112056 0.000560282 0.000280141 
0 0.00112061 0.000560305 0.000280152 
0 0.00112066 0.000560328 0.000280164 
0 0.0011207 0.000560352 0.000280176 
0 0.00112075 0.000560375 0.000280187 
0 0.0011208 0.000560398 0.000280199 
0 0.00112084 0.000560421 0.000280211 
0 0.00112089 0.000560445 0.000280222 
0 0.00112094 0.000560468 0.000280234 
0 0.00112098 0.000560491 0.000280245 
0 0.00112103 0.000560514 0.000280257 
0 0.00112107 0.000560537 0.000280269 
0 0.00112112 0.00056056 0.00028028 
0 0.00112117 0.000560584 0.000280292 
0 0.00112121 0.000560607 0.000280303 
0 0.00112126 0.00056063 0.000280315 
0 0.00112131 0.000560653 0.000280326 
0 0.00112135 0.000560676 0.000280338 
0 0.0011214 0.000560699 0.000280349 
0 0.00112144 0.000560722 0.000280361 
0 0.00112149 0.000560745 0.000280373 
0 0.00112154 0.000560768 0.000280384 
0 0.00112158 0.000560791 0.000280396 
0 0.00112163 0.000560814 0.000280407 
0 0.00112167 0.000560837 0.000280419 
0 0.00112172 0.00056086 0.00028043 
0 0.00112177 0.000560883 0.000280441 
0 0.00112181 0.000560906 0.000280453 
0 0.00112186 0.000560929 0.000280464 
0 0.0011219 0.000560952 0.000280476 
0 0.00112195 0.000560975 0.000280487 
0 0.00112199 0.000560997 0.000280499 
0 0.00112204 0.00056102 0.00028051 
0 0.00112209 0.000561043 0.000280522 
0 0.00112213 0.000561066 0.000280533 
0 0.00112218 0.000561089 0.000280544 
0 0.00112222 0.000561112 0.000280556 
0 0.00112227 0.000561134 0.000280567 
0 0.00112231 0.000561157 0.000280579 
0 0.00112236 0.00056118 0.00028059 
0 0.00112241 0.000561203 0.000280601 
0 0.00112245 0.000561225 0.000280613 
0 0.0011225 0.000561248 0.000280624 
0 0.00112254 0.000561271 0.000280635 
0 0.00112259 0.000561294 0.000280647 
0 0.00112263 0.000561316 0.000280658 
0 0.00112268 0.000561339 0.000280669 
0 0.00112272 0.000561362 0.000280681 
0 0.00112277 0.000561384 0.000280692 
0 0.00112281 0.000561407 0.000280703 
0 0.00112286 0.00056143 0.000280715 
0 0.0011229 0.000561452 0.000280726 
0 0.00112295 0.000561475 0.000280737 
0 0.00112299 0.000561497 0.000280749 
0 0.00112304 0.00056152 0.00028076 
0 0.00112308 0.000561542 0.000280771 
0 0.00112313 0.000561565 0.000280782 
0 0.00112317 0.000561587 0.000280794 
0 0.00112322 0.00056161 0.000280805 
0 0.00112326 0.000561632 0.000280816 
0 0.00112331 0.000561655 0.000280827 
0 0.00112335 0.000561677 0.000280839 
0 0.0011234 0.0005617 0.00028085 
0 0.00112344 0.000561722 0.000280861 
0 0.00112349 0.000561745 0.000280872 
0 0.00112353 0.000561767 0.000280884 
0 0.00112358 0.00056179 0.000280895 
0 0.00112362 0.000561812 0.000280906 
0 0.00112367 0.000561834 0.000280917 
0 0.00112371 0.000561857 0.000280928 
0 0.00112376 0.000561879 0.00028094 
0 0.0011238 0.000561901 0.000280951 
0 0.00112385 0.000561924 0.000280962 
0 0.00112389 0.000561946 0.000280973 
0 0.00112394 0.000561968 0.000280984 
0 0.00112398 0.000561991 0.000280995 
0 0.00112403 0.000562013 0.000281007 
0 0.00112407 0.000562035 0.000281018 
0 0.00112412 0.000562058 0.000281029 
0 0.00112416 0.00056208 0.00028104 
0 0.0011242 0.000562102 0.000281051 
0 0.00112425 0.000562124 0.000281062 
0 0.00112429 0.000562146 0.000281073 
0 0.00112434 0.000562169 0.000281084 
0 0.00112438 0.000562191 0.000281095 
0 0.00112443 0.000562213 0.000281107 
0 0.00112447 0.000562235 0.000281118 
0 0.00112451 0.000562257 0.000281129 
0 0.00112456 0.000562279 0.00028114 
0 0.0011246 0.000562302 0.000281151 
0 0.00112465 0.000562324 0.000281162 
0 0.00112469 0.000562346 0.000281173 
0 0.00112474 0.000562368 0.000281184 
0 0.00112478 0.00056239 0.000281195 
0 0.00112482 0.000562412 0.000281206 
0 0.00112487 0.000562434 0.000281217 
0 0.00112491 0.000562456 0.000281228 
0 0.00112496 0.000562478 0.000281239 
0 0.001125 0.0005625 0.00028125 
0 0.00112504 0.000562522 0.000281261 
0 0.00112509 0.000562544 0.000281272 
0 0.00112513 0.000562566 0.000281283 
0 0.00112518 0.000562588 0.000281294 
0 0.00112522 0.00056261 0.000281305 
0 0.00112526 0.000562632 0.000281316 
0 0.00112531 0.000562654 0.000281327 
0 0.00112535 0.000562676 0.000281338 
0 0.0011254 0.000562698 0.000281349 
0 0.00112544 0.00056272 0.00028136 
0 0.00112548 0.000562742 0.000281371 
0 0.00112553 0.000562763 0.000281382 
0 0.00112557 0.000562785 0.000281393 
0 0.00112561 0.000562807 0.000281404 
0 0.00112566 0.000562829 0.000281415 
0 0.0011257 0.000562851 0.000281425 
0 0.00112575 0.000562873 0.000281436 
0 0.00112579 0.000562895 0.000281447 
0 0.00112583 0.000562916 0.000281458 
0 0.00112588 0.000562938 0.000281469 
0 0.00112592 0.00056296 0.00028148 
0 0.00112596 0.000562982 0.000281491 
0 0.00112601 0.000563003 0.000281502 
0 0.00112605 0.000563025 0.000281513 
0 0.00112609 0.000563047 0.000281523 
0 0.00112614 0.000563069 0.000281534 
0 0.00112618 0.00056309 0.000281545 
0 0.00112622 0.000563112 0.000281556 
0 0.00112627 0.000563134 0.000281567 
0 0.00112631 0.000563155 0.000281578 
0 0.00112635 0.000563177 0.000281589 
0 0.0011264 0.000563199 0.000281599 
0 0.00112644 0.00056322 0.00028161 
0 0.00112648 0.000563242 0.000281621 
0 0.00112653 0.000563264 0.000281632 
0 0.00112657 0.000563285 0.000281643 
0 0.00112661 0.000563307 0.000281653 
0 0.00112666 0.000563329 0.000281664 
0 0.0011267 0.00056335 0.000281675 
0 0.00112674 0.000563372 0.000281686 
0 0.00112679 0.000563393 0.000281697 
0 0.00112683 0.000563415 0.000281707 
