0
0
0
0
0
0
0
0
0
0
0
0
0
0
0
0
0
0
0
0
0
0
0
0
0
0
0
0
0
0
0
0
0
0
0
0
0
0
0
0
0
0
0
0
0
0
0
0
0
0
0
0
0
0
0
0
0
0
0
0
0
0
0
0
0
0
0
0
0
0
0
0
0
0
0
0
0
0
0
0
0
0
0
0
0
0
0
0
0
0
0
0
0
0
0
0
0
0
0
0
0
0
0
0
0
0
0
0
0
0
0
0
0
0
0
0
0
0
0
0
0
0
0
0
0
0
0
0
0
0
0
0
0
0
0
0
0
0
0
0
0
0
0
0
0
0
0
0
0
0
0
0
0
0
0
0
0
0
0
0
0
0
0
0
0
0
0
0
0
0
0
0
0
0
0
0
0
0
0
0
0
0
0
0
0
0
0
0
0
0
0
0
0
0
0
0
0
0
0
0
0
0
0
0
0
0
0
0
0
0
0
0
0
0
0
0
0
0
0
0
0
0
0
0
0
0
0
0
0
0
0
0
0
0
0
0
0
0
0
0
0
0
0
0
0
0
0
0
0
0
0
0
0
0
0
0
0
0
0
0
0
0
0
0
0
0
0
0
0
0
0
0
0
0
0
0
0
0
0
0
0
0
0
0
0
0
0
0
0
0
0
0
0
0
0
0
0
0
0
0
0
0
0
0
0
0
0
0
0
0
0
0
0
0
0
0
0
0
0
0
0
0
0
0
0
0
0
0
0
0
0
0
0
0
0
0
0
0
0
0
0
0
0
0
0
0
0
0
0
0
0
0
0.405158
0
0.405056
0
0.404953
0.404851
0.404748
0.404646
0.404543
0.809286
0
0.404236
0.808671
0
0.403929
0.808056
0
0.403622
0.807442
0
0.807033
0
0.806624
0
0.402906
0.806011
0.4026
0.805399
0.804991
0.804583
0.804175
0.803768
0.803361
0.802954
0.802547
0.80214
0.801734
0.801327
0.800921
0.800516
0.80011
0.799705
0.799299
0.798894
0.798489
0.798085
0.797681
0.797276
0.796872
0.796469
0.796065
0.795662
0.795258
0.794856
0.794453
0.79405
0.793648
0.793246
0.792844
0.792442
0.792041
0.791639
0.791238
0.790837
0.790436
0.790036
0.789636
0.789235
0.788836
0.788436
0.788036
0.787637
0.787238
0.786839
0.78644
0.786042
0.785644
0.785246
0.784848
0.78445
0.784052
0.783655
0.783258
0.782861
0.782465
0.782068
0.781672
0.781276
0.78088
0.780484
0.780089
0.779693
0.779298
1.16894
0
1.16805
0
0.777719
0.777325
0.776931
0.776538
0.776144
1.16421
0
1.16332
0
0.774572
0.774179
0.773787
0.773395
1.16008
0.772415
1.15861
0.771437
1.15715
0.770459
0.770069
0.769679
1.15451
0.768704
0.768314
0.767925
1.15188
0.766952
0.766564
0.766175
1.14925
0.765205
0.764817
1.14722
0.763848
0.763461
1.14518
0.762494
0.762108
1.14315
0.761142
0.760757
1.14113
0.759793
1.13968
0.75883
0.758446
1.13766
0.757485
1.13622
0.756526
0.756142
1.13421
0.755184
1.13277
0.754228
1.13133
0.753272
1.1299
0.752318
1.12847
0.751365
1.12704
0.750413
1.12561
0.749463
1.12419
0.748513
1.12276
0.747565
1.12134
1.12049
1.11964
1.11878
1.11793
1.11708
1.11623
1.11538
1.11454
1.11369
1.11284
1.112
1.11115
1.11031
1.10946
1.10862
1.10777
1.10693
1.10609
1.10525
1.10441
1.10357
1.10273
1.10189
1.10105
1.10022
1.09938
0.731996
1.09799
1.09715
1.09632
1.09548
1.09465
0.728848
1.09326
1.09243
1.0916
0.726818
1.09022
1.08939
1.08856
0.724794
1.08718
1.08636
0.723325
1.08498
1.08415
0.721859
1.08278
1.08196
0.720397
1.08059
0.719484
1.07922
1.0784
0.718026
1.07703
0.717117
1.07567
0.716208
1.07431
1.07349
0.714757
1.07213
0.713852
1.07077
0.712947
1.06941
0.712044
1.06806
0.711142
1.06671
0.710242
1.06535
0.709342
1.06401
0.708443
1.06266
0.707546
1.06131
0.70665
1.05997
0.705754
1.05862
0.70486
1.05728
0.703968
1.05594
0.703076
1.05461
0.702185
1.05327
1.05247
0.700762
1.05114
1.05034
0.699343
1.04901
1.04821
0.697925
1.04688
1.04608
1.04529
1.04449
1.0437
1.04291
1.04211
1.04132
1.04053
1.03974
1.03895
1.03816
1.03737
1.03658
1.03579
1.035
1.03422
1.03343
1.03264
1.03186
1.03107
1.03029
1.02951
1.02872
1.02794
1.02716
1.02638
1.0256
1.02482
1.02404
1.02326
1.02248
1.0217
1.02093
1.02015
1.01938
1.0186
1.01783
1.01705
1.01628
1.01551
1.01473
1.01396
1.01319
1.01242
1.01165
1.01088
1.01011
1.00934
1.00858
1.00781
1.3434
1.00602
1.34101
1.00424
1.33863
1.00246
1.33626
1.00068
0.999916
0.999156
0.998396
1.33085
0.996625
0.995867
0.995109
0.994353
0.993597
0.992841
0.992086
0.991332
0.990578
0.989824
0.989072
1.31842
0.987317
0.986566
1.31508
0.984816
0.984067
1.31175
0.982321
0.981574
0.980828
1.30743
0.979088
0.978343
1.30412
0.976608
0.975865
0.975123
1.29983
0.973393
0.972653
0.971913
1.29555
1.29423
0.969205
0.968468
0.967731
1.28997
0.966014
0.96528
0.964546
0.963812
1.28475
1.28344
0.961127
0.960396
0.959665
0.958936
1.27825
1.27695
0.956263
0.955536
0.95481
0.954083
0.953358
1.27081
0.951667
0.950943
0.95022
0.949497
0.948775
0.948054
0.947333
1.26278
1.2615
1.26022
0.943735
0.943017
0.9423
0.941583
0.940867
0.940152
0.939437
0.938723
0.938009
0.937295
1.2494
1.24813
1.24687
1.2456
1.24434
1.24308
1.24182
1.24056
1.2393
1.23804
1.23679
1.23553
1.23428
1.23302
1.23177
1.23052
1.22928
1.22803
1.22678
1.22554
1.2243
1.22305
0.915902
1.22088
0.914277
1.21872
0.912655
1.21656
0.911036
1.2144
0.90942
1.21224
0.907806
1.21009
0.906196
1.20795
0.904588
1.2058
0.902983
1.20366
0.901381
1.20153
0.899782
1.1994
0.898186
1.19727
0.896592
1.19515
0.895002
1.19302
0.893414
1.19091
0.891829
1.1888
0.890247
1.18669
0.888668
1.18458
0.887091
1.18248
0.885517
1.18038
0.883946
1.17829
0.882378
1.1762
0.880813
1.17411
0.87925
0.878581
1.17114
0.877023
1.16906
0.875467
1.16698
0.873914
1.16491
0.872363
1.16285
0.870816
1.16078
0.869271
1.15873
0.867729
1.15667
0.866189
1.15462
0.864653
1.15257
0.863119
1.15052
0.861587
1.14848
0.860059
1.14645
0.858533
1.14441
0.85701
1.14238
0.855489
1.14036
0.853972
1.13833
0.852457
1.13631
0.850944
1.1343
0.849435
1.13228
0.847928
1.13028
0.846424
1.12827
0.844922
1.12627
0.843423
1.12427
0.841927
1.12228
0.840433
1.12029
0.838942
1.1183
0.837454
1.11631
0.835968
1.11433
0.834485
1.11236
0.833004
1.11038
0.831527
1.10841
0.830051
1.10645
0.828579
1.10448
0.827109
1.10252
0.825642
1.10057
0.824177
1.09862
0.822715
1.09667
0.821255
1.09472
0.819798
1.09278
0.818344
1.09084
0.816892
1.08891
0.815443
1.08697
0.813996
1.08505
0.812552
1.08312
0.81111
1.0812
0.809671
1.07928
0.808235
1.07737
0.806801
1.07545
0.80537
1.07355
0.803941
1.07164
0.802515
1.06974
0.801091
1.06784
0.79967
1.06595
0.798251
1.06406
1.32939
1.3277
1.32602
1.32433
1.32265
1.32098
1.3193
1.31763
1.31595
0.787783
1.31329
1.31162
1.30996
1.30829
1.30663
1.30498
1.30332
1.30167
1.30002
1.29837
1.29672
1.29507
1.29343
0.7743
1.29081
1.54778
1.28721
1.54346
1.28362
1.53915
1.28003
1.53486
1.27646
1.27484
1.52864
1.27129
1.26967
1.52244
1.26613
1.26453
1.26292
0
1.51434
1.2594
1.51012
1.25589
1.5059
1.25238
1.5017
1.24889
1.49751
1.2454
0
1.49333
1.24193
1.24035
1.23878
1.48539
1.23532
0
1.48125
1.23188
1.47712
1.22844
0.981015
0.98002
0.979025
0.978032
0.97704
0.976049
0.975059
0.97407
0.973082
0.972095
0.971109
0.970123
0.969139
0.968156
0.967174
0
1.45074
1.44853
1.20467
1.20314
1.44266
1.44046
1.19795
1.43644
1.19461
1.43243
1.43025
1.18947
1.42626
1.42409
1.18434
0
1.42012
0
1.41795
0.942918
0.941962
1.17685
1.41113
0.938381
0.937429
1.17118
1.40434
0.933865
1.16673
0
1.399
0.930315
1.1623
0.928192
1.15964
0
1.3905
0.924664
0.923726
1.15406
0
1.38381
0.920214
1.14968
0
1.37855
0.916716
1.14531
0
1.37331
0.913231
1.14095
0.911148
1.13835
0.909069
1.13575
0.906994
1.13316
0.904925
1.13057
0.90286
1.12799
0.9008
1.12542
0.898744
1.12285
0.896694
1.12029
0.894648
1.11773
0.892606
1.11518
0.890569
1.11264
0.888537
1.1101
0.88651
1.10757
0.884487
1.10504
0
1.32503
0.881125
1.32167
0.87889
1.09805
0.876885
1.09554
1.09415
0.873774
1.09166
0.87178
1.08916
1.08778
0.868688
1.0853
0.866705
1.08282
1.08145
0.863631
1.07898
0.86166
1.07652
0.859694
1.07406
0.857732
1.07161
0.855775
1.06917
0.853822
1.06673
0.851874
1.06429
0.84993
1.06187
0.847991
1.05944
0.846056
1.05703
0.844126
1.05461
0.8422
1.05221
0.840278
1.04981
0.83836
1.04741
0.836448
1.04502
0.834539
1.04264
0.832635
1.24893
0
1.4556
0
1.45301
0
1.45043
1.24039
1.03157
0.823797
1.23568
1.02765
0
1.43832
0
1.43576
0
1.43321
0
1.43066
1.01906
0
1.42631
1.01596
0
1.42196
1.01287
1.01158
0
1.41584
1.00851
0
1.41153
1.00543
1.00416
0
1.40544
1.0011
0.999832
0.998564
0
1.39761
0.995524
0.994261
0.993
0
1.58917
1.387
1.18615
0
1.58071
1.37962
0.982704
