0
0
0
0
0
0
0
0
0
0.226554
0.328065
0.387116
0.428811
0.460678
0.486197
0.507246
0.525012
0.540249
0.553495
0.565145
0.575474
0.584704
0.593009
0.600533
0.607364
0.613617
0.619346
0.624626
0.629506
0.634023
0.63822
0.642137
0.645784
0.649207
0.652411
0.655421
0.65826
0.66093
0.663454
0.665838
0.6681
0.670241
0.672276
0.674207
0.676045
0.677795
0.67947
0.68106
0.682583
0.684042
0.685436
0.686769
0.688047
0.689274
0.690449
0.691583
0.69267
0.693717
0.694721
0.695692
0.696626
0.697526
0.698395
0.699234
0.700042
0.70083
0.701582
0.702312
0.703022
0.703708
0.704372
0.705016
0.705636
0.706241
0.706828
0.707395
0.707949
0.708484
0.709007
0.709513
0.710004
0.710486
0.710948
0.711404
0.711846
0.712276
0.712695
0.713103
0.713497
0.713888
0.714264
0.714637
0.714995
0.715347
0.715687
0.716028
0.716353
0.716674
0.716985
0.717292
0.717588
0.717887
0.718172
0.71845
0.718721
0.718995
0.719257
0.719513
0.719763
0.720016
0.720253
0.720493
0.720729
0.720952
0.721183
0.721398
0.721616
0.721831
0.722034
0.722241
0.72244
0.722641
0.722834
0.723023
0.723214
0.723398
0.723573
0.723758
0.723929
0.724104
0.724273
0.724444
0.724604
0.724768
0.724927
0.725084
0.725237
0.725393
0.725543
0.725691
0.725836
0.725979
0.72612
0.726263
0.726401
0.726537
0.726671
0.726808
0.726934
0.727062
0.727193
0.72732
0.727444
0.727566
0.727692
0.727808
0.72793
0.728043
0.728162
0.728276
0.72839
0.728501
0.728616
0.728722
0.728829
0.72894
0.729047
0.729152
0.729256
0.729359
0.729461
0.729561
0.729661
0.729759
0.729857
0.729958
0.730055
0.730146
0.730244
0.730339
0.730427
0.730522
0.730614
0.730709
0.730796
0.730884
0.730972
0.731059
0.73115
0.731233
0.731322
0.731403
0.731491
0.731576
0.731659
0.731737
0.731823
0.731904
0.731985
0.732066
0.732145
0.732225
0.732303
0.732386
0.73246
0.732537
0.732613
0.732694
0.732766
0.732845
0.732916
0.73299
0.733068
0.733143
0.733212
0.733288
0.733362
0.733429
0.733505
0.733577
0.733648
0.733719
0.733789
0.733859
0.733929
0.733999
0.734068
0.734136
0.734205
0.734273
0.73434
0.734408
0.73448
0.734543
0.734609
0.73468
0.734743
0.734808
0.734878
0.73494
0.735004
0.735073
0.735134
0.735203
0.735263
0.735331
0.735391
0.735458
0.735518
0.735585
0.735649
0.735707
0.735773
0.735837
0.735894
0.73596
0.736023
0.736085
0.736142
0.736207
0.736268
0.73633
0.736391
0.736447
0.736511
0.736572
0.736632
0.736692
0.736752
0.736812
0.736872
0.736931
0.736991
0.73705
0.737109
0.737168
0.737227
0.737286
0.737344
0.737403
0.737461
0.737519
0.737577
0.737635
0.737698
0.737753
0.73781
0.737867
0.737929
0.737983
0.73804
0.738097
0.738154
0.738215
0.738269
0.738325
0.738386
0.73844
0.738495
0.738552
0.738612
0.738665
0.738721
0.738782
0.738834
0.738889
0.73895
0.739002
0.739062
0.739114
0.739169
0.739229
0.739281
0.73934
0.739392
0.739447
0.739506
0.739563
0.739614
0.739668
0.739727
0.739783
0.739834
0.739888
0.739947
0.740003
0.740054
0.740108
0.740167
0.740222
0.740273
0.740331
0.740382
0.74044
0.74049
0.740549
0.740604
0.740654
0.740712
0.740767
0.740817
0.740875
0.740925
0.740983
0.741033
0.741091
0.741146
0.741195
0.741253
0.741308
0.741357
0.741415
0.741469
0.741519
0.741576
0.74163
0.741685
0.741734
0.741791
0.741845
0.741899
0.741948
0.742006
0.74206
0.742109
0.742166
0.74222
0.742274
0.742328
0.742376
0.742433
0.742487
0.742536
0.742593
0.742647
0.742701
0.742754
0.742803
0.74286
0.742913
0.742967
0.74302
0.743069
0.743126
0.743179
0.743233
0.743286
0.74334
0.743393
0.743441
0.743498
0.743551
0.743605
0.743658
0.743711
0.743764
0.743813
0.743869
0.743922
0.743976
0.744029
0.744082
0.744135
0.744183
0.74424
0.744293
0.744346
0.744399
0.744452
0.744506
0.744559
0.744611
0.744664
0.744717
0.744766
0.744822
0.744875
0.744928
0.744981
0.745034
0.745087
0.74514
0.745193
0.745246
0.745299
0.745352
0.745405
0.745457
0.74551
0.745563
0.745616
0.745669
0.745722
0.745775
0.745827
0.74588
0.745933
0.745986
0.746039
0.746092
0.746144
0.746197
0.74625
0.746303
0.746356
0.746408
0.746461
0.746514
0.746567
0.74662
0.746673
0.746725
0.746778
0.746831
0.746884
0.746937
0.746989
0.747042
0.747095
0.747148
0.747201
0.747254
0.747306
0.747359
0.747412
0.74747
0.747519
0.747572
0.747624
0.747677
0.74773
0.747783
0.747836
0.747888
0.747941
0.747994
0.748047
0.7481
0.748158
0.748207
0.74826
0.748312
0.748365
0.748418
0.748471
0.748524
0.748577
0.748634
0.748684
0.748736
0.748789
0.748842
0.748895
0.748948
0.749005
0.749055
0.749107
0.74916
0.749213
0.749266
0.749319
0.749377
0.749426
0.749479
0.749532
0.749585
0.749637
0.74969
0.749748
0.749798
0.749851
0.749903
0.749956
0.750014
0.750064
0.750116
0.750169
0.750222
0.750275
0.750328
0.750386
0.750436
0.750488
0.750541
0.750594
0.750652
0.750702
0.750755
0.750808
0.750861
0.750919
0.750968
0.751021
0.751074
0.751127
0.751185
0.751235
0.751288
0.751346
0.751395
0.751448
0.751501
0.751554
0.751612
0.751662
0.751715
0.751773
0.751823
0.751875
0.751928
0.751982
0.75204
0.75209
0.752142
0.7522
0.75225
0.752303
0.752356
0.752409
0.752468
0.752518
0.75257
0.752628
0.752679
0.752731
0.752789
0.752839
0.752892
0.752946
0.753004
0.753054
0.753107
0.75316
0.753218
0.753268
0.753321
0.753379
0.75343
0.753483
0.753541
0.753591
0.753644
0.753702
0.753752
0.753805
0.753863
0.753914
0.753967
0.754025
0.754075
0.754128
0.754186
0.754237
0.75429
0.754348
0.754398
0.754451
0.75451
0.75456
0.754613
0.754671
0.754722
0.754775
0.754833
0.754884
0.754937
0.754995
0.755046
0.755104
0.755154
0.755212
0.755262
0.755315
0.755374
0.755424
0.755478
0.755536
0.755586
0.75564
0.755698
0.755749
0.755807
0.755857
0.755916
0.755966
0.756019
0.756078
0.756128
0.756182
0.75624
0.756291
0.756349
0.7564
0.756458
0.756509
0.756562
0.756621
0.756671
0.75673
0.75678
0.756838
0.756889
0.756943
0.757001
0.757052
0.75711
0.757161
0.757219
0.75727
0.757328
0.757379
0.757437
0.757488
0.757542
0.7576
0.757651
0.75771
0.757761
0.757819
0.75787
0.757928
0.757979
0.758038
0.758088
0.758147
0.758198
0.758256
0.758307
0.758366
0.758417
0.758475
0.758526
0.75858
0.758639
0.758695
0.758745
0.758804
0.758855
0.758913
0.758964
0.759023
0.759074
0.759132
0.759183
0.759242
0.759293
0.759352
0.759403
0.759462
0.759513
0.759572
0.759628
0.759678
0.759732
0.759791
0.759847
0.759898
0.759957
0.760008
0.760067
0.760118
0.760177
0.760228
0.760287
0.760343
0.760394
0.760453
0.760504
0.760563
0.760619
0.76067
0.760729
0.76078
0.760839
0.76089
0.760949
0.761
0.761059
0.761116
0.761167
0.761226
0.761277
0.761336
0.761392
0.761443
0.761502
0.761554
0.761613
0.761669
0.76172
0.761779
0.761831
0.76189
0.761946
0.761997
0.762056
0.762113
0.762164
0.762223
0.762279
0.762331
0.76239
0.762441
0.762501
0.762557
0.762608
0.762668
0.762724
0.762775
0.762834
0.762891
0.762942
0.763002
0.763053
0.763113
0.763169
0.763225
0.763277
0.763336
0.763388
0.763447
0.763504
0.76356
0.763611
0.763671
0.763727
0.763779
0.763838
0.763895
0.763951
0.764003
0.764062
0.764114
0.764173
0.76423
0.764286
0.764338
0.764397
0.764454
0.764506
0.764565
0.764622
0.764679
0.76473
0.76479
0.764847
0.764898
0.764958
0.765015
0.765071
0.765128
0.765179
0.765239
0.765296
0.765347
0.765407
0.765464
0.765521
0.765572
0.765632
0.765689
0.765746
0.765798
0.765857
0.765914
0.765971
0.766028
0.766079
0.766139
0.766196
0.766248
0.766308
0.766365
0.766422
0.766479
0.766535
0.766587
0.766647
0.766704
0.766761
0.766813
0.766873
0.76693
0.766987
0.767044
0.767101
0.767153
0.767212
0.76727
0.767327
0.767379
0.767439
0.767496
0.767553
0.76761
0.767667
0.767724
0.767776
0.767836
0.767893
0.76795
0.768007
0.768059
0.76812
0.768177
0.768234
0.768291
0.768348
0.768405
0.768462
0.768514
0.768575
0.768632
0.768689
0.768747
0.768804
0.768856
0.768916
0.768974
0.769031
0.769088
0.769145
0.769203
0.76926
0.769317
0.769374
0.769426
0.769487
0.769544
0.769602
0.769659
0.769716
0.769774
0.769831
0.769883
0.769944
0.770002
0.770059
0.770117
0.770174
0.770231
0.770289
0.770346
0.770403
0.770461
0.770518
0.770576
0.770633
0.77069
0.770748
0.770805
0.770858
0.770919
0.770977
0.771034
0.771092
0.771149
0.771207
0.771264
0.771322
0.77138
0.771437
0.771495
0.771552
0.77161
0.771668
0.771725
0.771783
0.77184
0.771898
0.771956
0.772013
0.772071
0.772129
0.772187
0.772244
0.772302
0.77236
0.772417
0.772475
0.772533
0.772591
0.772649
0.772706
0.772764
0.772822
0.77288
0.772938
0.772996
0.773054
0.773111
0.773169
0.773227
0.773285
0.773343
0.773401
0.773459
0.773517
0.773575
0.773633
0.773691
0.773749
0.773807
0.773865
0.773923
0.773981
0.774044
0.774099
0.774157
0.774215
0.774273
0.774331
0.774389
0.774447
0.774505
0.774563
0.774622
0.77468
0.774738
0.774796
0.774854
0.774918
0.774973
0.77503
0.775089
0.775147
0.775205
0.775263
0.775322
0.775385
0.77544
0.775498
0.775556
0.775614
0.775673
0.775731
0.775789
0.775848
0.775906
0.77597
0.776025
0.776083
0.776141
0.7762
0.776258
0.776321
0.776377
0.776435
0.776493
0.776552
0.77661
0.776669
0.776732
0.776788
0.776846
0.776904
0.776963
0.777026
0.777082
0.77714
0.777198
0.777257
0.777316
0.777374
0.777438
0.777493
0.777552
0.77761
0.777674
0.77773
0.777788
0.777846
0.777905
0.777964
0.778028
0.778083
0.778142
0.778205
0.778261
0.778319
0.778378
0.778437
0.778496
0.778559
0.778615
0.778674
0.778737
0.778793
0.778852
0.77891
0.778969
0.779033
0.779089
0.779148
0.779211
0.779267
0.779326
0.779385
0.779444
0.779508
0.779564
0.779622
0.779686
0.779742
0.779801
0.77986
0.779924
0.77998
0.780038
0.780102
0.780158
0.780217
0.780276
0.78034
0.780396
0.780455
0.780519
0.780575
0.780634
0.780693
0.780758
0.780814
0.780877
0.780934
0.780992
0.781052
0.781116
0.781172
0.781236
0.781292
0.781351
0.78141
0.781474
0.781531
0.781595
0.781651
0.78171
0.781769
0.781834
0.78189
0.781954
0.78201
0.782069
0.782134
0.78219
0.782254
0.78231
0.782369
0.782429
0.782493
0.78255
0.782614
0.78267
0.782729
0.782794
0.78285
0.782915
0.782971
0.78303
0.783095
0.783151
0.783216
0.783272
0.783331
0.783396
0.783453
0.783517
0.783573
0.783633
0.783697
0.783754
0.783818
0.783875
0.783939
0.783996
0.78406
0.784117
0.784176
0.784241
0.784298
0.784362
0.784419
0.784483
0.78454
0.784604
0.784661
0.784721
0.784786
0.784842
0.784907
0.784964
0.785028
0.785085
0.78515
0.785207
0.785271
0.785328
0.785393
0.78545
0.785514
0.785571
0.785636
0.785693
0.785757
0.785814
0.785879
0.785936
0.786001
0.786058
0.786122
0.786179
0.786244
0.786301
0.786366
0.786423
0.786488
0.78655
0.786607
0.786666
0.786732
0.786794
0.786851
0.786915
0.786972
0.787037
0.787095
0.787159
0.787222
0.787278
0.787343
0.787401
0.787466
0.787523
0.787588
0.78765
0.787707
0.787772
0.787829
0.787894
0.787952
0.788017
0.788079
0.788136
0.788201
0.788259
0.788324
0.788381
0.788446
0.788509
0.788566
0.788631
0.788693
0.78875
0.788816
0.788873
0.788938
0.789001
0.789058
0.789123
0.789181
0.789246
0.789309
0.789366
0.789431
0.789494
0.789551
0.789616
0.789679
0.789736
0.789802
0.789864
0.789922
0.789987
0.79005
0.790107
0.790172
0.790235
0.790293
0.790358
0.790421
0.790478
0.790544
0.790607
0.790664
0.79073
0.790792
0.79085
0.790915
0.790978
0.791041
0.791098
0.791164
0.791227
0.791289
0.791347
0.791412
0.791475
0.791533
0.791599
0.791662
0.791719
0.791785
0.791848
0.791911
0.791973
0.792031
0.792097
0.79216
0.792218
0.792283
0.792346
0.792409
0.792472
0.79253
0.792595
0.792659
0.792717
0.792782
0.792846
0.792909
0.792971
0.793029
0.793095
0.793158
0.793221
0.793284
0.793342
0.793408
0.793471
0.793534
0.793597
0.793655
0.793721
0.793785
0.793848
0.793911
0.793969
0.794035
0.794098
0.794161
0.794224
0.794282
0.794349
0.794412
0.794475
0.794538
0.794601
0.794664
0.794723
0.794789
0.794852
0.794916
0.794979
0.795042
0.795105
0.795163
0.79523
0.795293
0.795357
0.79542
0.795483
0.795547
0.795605
0.795671
0.795735
0.795798
0.795862
0.795925
0.795988
0.796052
0.796115
0.796174
0.79624
0.796304
0.796367
0.796431
0.796494
0.796558
0.796621
0.796685
0.796748
0.796812
0.796875
0.796939
0.796997
0.797064
0.797128
0.797192
0.797255
0.797319
0.797383
0.797446
0.79751
0.797574
0.797637
0.797701
0.797764
0.797828
0.797892
0.797956
0.798019
0.798083
0.798147
0.79821
0.798274
0.798338
0.798402
0.798466
0.798529
0.798593
0.798657
0.798721
0.798785
0.798849
0.798913
0.798976
0.79904
0.799104
0.799168
0.799232
0.799296
0.79936
0.799424
0.799488
0.799552
0.799616
0.79968
0.799744
0.799809
0.799873
0.799937
0.800001
0.800065
0.800129
0.800193
0.800258
0.800322
0.800391
0.800452
0.800516
0.80058
0.800644
0.800708
0.800772
0.800837
0.800901
0.800965
0.80103
0.801099
0.80116
0.801224
0.801288
0.801353
0.801417
0.801481
0.801546
0.80161
0.801675
0.801739
0.801809
0.80187
0.801934
0.801998
0.802063
0.802127
0.802192
0.802261
0.802323
0.802387
0.802451
0.802516
0.80258
0.802645
0.802715
0.802776
0.80284
0.802905
0.80297
0.803039
0.803101
0.803165
0.80323
0.803294
0.803359
0.803424
0.803494
0.803555
0.80362
0.803685
0.803749
0.803819
0.803881
0.803945
0.80401
0.80408
0.804142
0.804206
0.804271
0.804341
0.804403
0.804467
0.804532
0.804597
0.804667
0.804729
0.804793
0.804858
0.804928
0.80499
0.805055
0.80512
0.80519
0.805252
0.805317
0.805387
0.805449
0.805513
0.805578
0.805643
0.805714
0.805776
0.805841
0.805911
0.805973
0.806038
0.806108
0.80617
0.806235
0.806305
0.806367
0.806432
0.806497
0.806568
0.80663
0.806695
0.806765
0.806827
0.806892
0.806963
0.807025
0.80709
0.80716
0.807223
0.807288
0.807358
0.80742
0.807486
0.807556
0.807618
0.807684
0.807754
0.807817
0.807887
0.807949
0.808014
0.808085
0.808147
0.808212
0.808283
0.808346
0.808411
0.808482
0.808544
0.808615
0.808677
0.808747
0.80881
0.808875
0.808946
0.809009
0.809074
0.809145
0.809208
0.809278
0.809341
0.809411
0.809474
0.809539
0.80961
0.809673
0.809743
0.809806
0.809877
0.80994
0.810005
0.810076
0.810144
0.810206
0.810272
0.810343
0.810406
0.810477
0.810539
0.81061
0.810673
0.810744
0.810807
0.810877
0.81094
0.811011
0.811074
0.811145
0.811208
0.811279
0.811342
0.811413
0.811476
0.811546
0.81161
0.81168
0.811744
0.811815
0.811878
0.811949
0.812012
0.812083
0.812146
0.812217
0.812285
0.812348
0.812419
0.812482
0.812553
0.812617
0.812688
0.812751
0.812822
0.812891
0.812954
0.813025
0.813088
0.813159
0.813223
0.813294
0.813357
0.813428
0.813497
0.81356
0.813631
0.813695
0.813766
0.813835
0.813898
0.813969
0.814033
0.814104
0.814173
0.814236
0.814307
0.814376
0.814439
0.81451
0.814579
0.814642
0.814714
0.814778
0.814849
0.814918
0.814981
0.815053
0.815122
0.815185
0.815256
0.815325
0.815389
0.81546
0.815529
0.815593
0.815664
0.815733
0.815802
0.815865
0.815937
0.816001
0.816072
0.816141
0.81621
0.816274
0.816345
0.816414
0.816478
0.81655
0.816619
0.816688
0.816751
0.816823
0.816892
0.816956
0.817028
0.817097
0.817166
0.817235
0.817298
0.81737
0.81744
0.817503
0.817575
0.817645
0.817714
0.817783
0.817846
0.817918
0.817988
0.818057
0.818121
0.818193
0.818262
0.818331
0.8184
0.818464
0.818536
0.818606
0.818675
0.818744
0.818808
0.81888
0.81895
0.819019
0.819088
0.819157
0.819221
0.819293
0.819363
0.819432
0.819502
0.819566
0.819638
0.819708
0.819777
0.819847
0.819916
0.819985
0.820054
0.820119
0.820191
0.820261
0.82033
0.8204
0.820469
0.820534
0.820606
0.820676
0.820746
0.820815
0.820885
0.820954
0.821024
0.821093
0.821163
0.821232
0.821297
0.821369
0.821439
0.821509
0.821579
0.821648
0.821718
0.821788
0.821857
0.821927
0.821997
0.822066
0.822131
0.822204
0.822274
0.822344
0.822414
0.822484
0.822554
0.822623
0.822693
0.822763
0.822833
0.822903
0.822973
0.823043
0.823112
0.823182
0.823252
0.823322
0.823392
0.823462
0.823532
0.823602
0.823672
0.823742
0.823812
0.823882
0.823952
0.824023
0.824093
0.824163
0.824233
0.824303
0.824373
0.824443
0.824514
0.824584
0.824654
0.824724
0.824795
0.824865
0.82494
0.825008
0.825077
0.825148
0.825218
0.825288
0.825358
0.825429
0.825499
0.82557
0.82564
0.825716
0.825783
0.825853
0.825923
0.825994
0.826064
0.826135
0.826205
0.826276
0.826346
0.826422
0.82649
0.82656
0.82663
0.826701
0.826771
0.826842
0.826918
0.826985
0.827056
0.827126
0.827197
0.827268
0.827338
0.827414
0.827482
0.827552
0.827623
0.827694
0.82777
0.827837
0.827908
0.827979
0.828049
0.82812
0.828196
0.828264
0.828335
0.828406
0.828482
0.82855
0.82862
0.828691
0.828762
0.828833
0.828909
0.828977
0.829048
0.829124
0.829192
0.829263
0.829334
0.829405
0.829481
0.829549
0.82962
0.829696
0.829764
0.829835
0.829906
0.829982
0.830051
0.830121
0.830193
0.830269
0.830337
0.830408
0.830485
0.830553
0.830624
0.8307
0.830769
0.830839
0.830911
0.830987
0.831056
0.831127
0.831203
0.831272
0.831343
0.831419
0.831488
0.831559
0.831636
0.831704
0.831775
0.831852
0.831921
0.831997
0.832065
0.832137
0.832208
0.832285
0.832354
0.83243
0.832499
0.83257
0.832647
0.832715
0.832792
0.832861
0.832932
0.833009
0.833078
0.833154
0.833223
0.833294
0.833371
0.83344
0.833517
0.833586
0.833657
0.833734
0.833803
0.83388
0.833949
0.834025
0.834094
0.834171
0.83424
0.834311
0.834389
0.834458
0.834535
0.834604
0.83468
0.83475
0.834826
0.834895
0.834972
0.835041
0.835118
0.835187
0.835264
0.835333
0.83541
0.83548
0.835557
0.835626
0.835703
0.835772
0.835849
0.835918
0.835996
0.836065
0.836142
0.836216
0.836285
0.836362
0.836432
0.836509
0.836578
0.836656
0.836725
0.836802
0.836872
0.836949
0.837024
0.837093
0.83717
0.83724
0.837317
0.837386
0.837464
0.837539
0.837608
0.837685
0.83776
0.837829
0.837906
0.837976
0.838054
0.838123
0.838201
0.838276
0.838345
0.838423
0.838498
0.838567
0.838645
0.83872
0.838789
0.838867
0.838942
0.839011
0.839089
0.839164
0.839233
0.839311
0.839386
0.839456
0.839533
0.839608
0.839678
0.839756
0.839831
0.839901
0.839978
0.840054
0.840123
0.840201
0.840277
0.840351
0.840421
0.840499
0.840574
0.840649
0.840719
0.840797
0.840872
0.840942
0.84102
0.841096
0.841171
0.841246
0.841316
0.841394
0.841469
0.841539
0.841617
0.841693
0.841768
0.841843
0.841913
0.841991
0.842067
0.842142
0.842217
0.842288
0.842366
0.842442
0.842517
0.842592
0.842662
0.842741
0.842816
0.842892
0.842967
0.843037
0.843116
0.843192
0.843267
0.843343
0.843418
0.843493
0.843564
0.843642
0.843718
0.843794
0.843869
0.843945
0.84402
0.844091
0.844169
0.844246
0.844321
0.844397
0.844473
0.844548
0.844624
0.8447
0.84477
0.844849
0.844925
0.845001
0.845077
0.845153
0.845228
0.845304
0.84538
0.845456
0.845532
0.845608
0.845683
0.845759
0.845835
0.845911
0.845987
0.846058
0.846137
0.846213
0.846289
0.846366
0.846442
0.846518
0.846594
0.84667
0.846746
0.846822
0.846898
0.846975
0.847051
0.847127
0.847203
0.847279
0.847356
0.847432
0.847508
0.847584
0.847661
0.847737
0.847813
0.84789
0.847971
0.848044
0.84812
0.848196
0.848273
0.848349
0.848426
0.848502
0.848579
0.848655
0.848732
0.848808
0.848885
0.848961
0.849038
0.84912
0.849193
0.849269
0.849346
0.849422
0.849499
0.849576
0.849653
0.849729
0.849811
0.849885
0.849961
0.850038
0.850114
0.850191
0.850268
0.85035
0.850424
0.8505
0.850577
0.850654
0.850731
0.850813
0.850887
0.850963
0.85104
0.851117
0.851194
0.851276
0.851351
0.851427
0.851504
0.851581
0.851663
0.851737
0.851814
0.851891
0.851973
0.852048
0.852124
0.852201
0.852284
0.852358
0.852435
0.852512
0.852589
0.852672
0.852746
0.852823
0.852905
0.85298
0.853056
0.853134
0.853216
0.853291
0.853368
0.853445
0.853528
0.853602
0.853679
0.853762
0.853836
0.853913
0.853996
0.854071
0.854148
0.85423
0.854305
0.854382
0.854465
0.85454
0.854617
0.8547
0.854774
0.854852
0.854934
0.855009
0.855086
0.855169
0.855244
0.855322
0.855405
0.855479
0.855562
0.855637
0.855714
0.855797
0.855872
0.855955
0.85603
0.856107
0.85619
0.856265
0.856348
0.856423
0.856506
0.856581
0.856658
0.856741
0.856817
0.856899
0.856975
0.857057
0.857133
0.85721
0.857294
0.857369
0.857452
0.857527
0.85761
0.857685
0.857768
0.857844
0.857927
0.858002
0.858085
0.85816
0.858243
0.858319
0.858402
0.858477
0.85856
0.858636
0.858719
0.858795
0.858878
0.858953
0.859037
0.859112
0.859196
0.859276
0.859351
0.859435
0.85951
0.859594
0.859669
0.859753
0.859828
0.859912
0.859993
0.860068
0.860151
0.860227
0.860311
0.860392
0.860467
0.860551
0.860626
0.86071
0.860791
0.860867
0.86095
0.861026
0.86111
0.861191
0.861267
0.86135
0.861431
0.861507
0.861591
0.861672
0.861748
0.861831
0.861913
0.861988
0.862072
0.862153
0.862229
0.862313
0.862394
0.86247
0.862554
0.862636
0.862717
0.862792
0.862876
0.862958
0.863034
0.863118
0.863199
0.863281
0.863356
0.863441
0.863522
0.863598
0.863682
0.863764
0.863845
0.863927
0.864003
0.864087
0.864168
0.86425
0.864326
0.86441
0.864492
0.864574
0.864655
0.864731
0.864815
0.864897
0.864979
0.86506
0.865137
0.865221
0.865303
0.865385
0.865466
0.865548
0.865624
0.865709
0.865791
0.865872
0.865954
0.866036
0.866112
0.866197
0.866279
0.866361
0.866443
0.866524
0.866606
0.866688
0.866769
0.866846
0.866931
0.867013
0.867095
0.867177
0.867259
0.867341
0.867423
0.867505
0.867587
0.867664
0.867749
0.867831
0.867913
0.867995
0.868078
0.86816
0.868242
0.868324
0.868406
0.868488
0.86857
0.868652
0.868735
0.868817
0.868899
0.868981
0.869064
0.869146
0.869228
0.86931
0.869393
0.869475
0.869558
0.86964
0.869722
0.869805
0.869887
0.86997
0.870052
0.870135
0.870217
0.8703
0.870382
0.870465
0.870548
0.87063
0.870713
0.870796
0.870884
0.870963
0.871045
0.871128
0.871211
0.871293
0.871376
0.871459
0.871542
0.87163
0.87171
0.871792
0.871875
0.871957
0.87204
0.872123
0.872206
0.872289
0.872378
0.872458
0.87254
0.872623
0.872706
0.872794
0.872874
0.872957
0.87304
0.873123
0.873206
0.873289
0.873378
0.873458
0.873541
0.873624
0.873712
0.873793
0.873875
0.873959
0.874042
0.87413
0.874211
0.874294
0.874377
0.874466
0.874546
0.874629
0.874712
0.874801
0.874882
0.874965
0.875048
0.875137
0.875217
0.875301
0.875389
0.87547
0.875553
0.875642
0.875722
0.875806
0.875889
0.875978
0.876059
0.876142
0.876231
0.876312
0.876395
0.876484
0.876565
0.876648
0.876737
0.876818
0.876902
0.876991
0.877072
0.877161
0.877241
0.877325
0.877414
0.877495
0.877579
0.877668
0.877749
0.877838
0.877919
0.878003
0.878092
0.878173
0.878262
0.878343
0.878432
0.878513
0.878597
0.878687
0.878768
0.878857
0.878938
0.879027
0.879109
0.879198
0.879279
0.879363
0.879453
0.87954
0.879621
0.879704
0.879794
0.879876
0.879965
0.880047
0.880136
0.880218
0.880307
0.880389
0.880478
0.880565
0.880646
0.880735
0.880817
0.880906
0.880988
0.881078
0.881159
0.881249
0.881331
0.881421
0.881508
0.881589
0.881679
0.88176
0.88185
0.881937
0.882019
0.882108
0.88219
0.88228
0.882367
0.882449
0.882539
0.882626
0.882708
0.882798
0.88288
0.88297
0.883057
0.883139
0.883229
0.883316
0.883398
0.883488
0.883575
0.883657
0.883747
0.883835
0.883917
0.884007
0.884095
0.884182
0.884264
0.884354
0.884441
0.884523
0.884614
0.884701
0.884784
0.884874
0.884962
0.885049
0.885136
0.885219
0.885309
0.885397
0.885479
0.885569
0.885657
0.885745
0.885833
0.885915
0.886005
0.886093
0.886181
0.886269
0.886351
0.886441
0.88653
0.886617
0.886705
0.886788
0.886878
0.886966
0.887054
0.887142
0.88723
0.887318
0.8874
0.887491
0.887579
0.887667
0.887755
0.887843
0.887931
0.888014
0.888105
0.888193
0.888282
0.88837
0.888458
0.888546
0.888634
0.888722
0.88881
0.888898
0.888981
0.889072
0.889161
0.889249
0.889338
0.889426
0.889514
0.889602
0.889691
0.889779
0.889867
0.889956
0.890044
0.890133
0.890221
0.890309
0.890398
0.890486
0.890575
0.890663
0.890752
0.890841
0.890929
0.891018
0.891106
0.891195
0.891284
0.891373
0.891461
0.89155
0.891639
0.891728
0.891816
0.89191
0.891996
0.892085
0.892173
0.892262
0.892351
0.89244
0.892529
0.892618
0.892707
0.892796
0.89289
0.892976
0.893065
0.893154
0.893243
0.893332
0.893421
0.893516
0.893602
0.89369
0.893779
0.893869
0.893958
0.894047
0.894142
0.894228
0.894317
0.894406
0.894496
0.89459
0.894677
0.894766
0.894855
0.894944
0.895039
0.895126
0.895215
0.895304
0.895399
0.895486
0.895575
0.895664
0.895759
0.895846
0.895935
0.89603
0.896117
0.896206
0.896295
0.896391
0.896477
0.896567
0.896656
0.896752
0.896839
0.896928
0.897023
0.89711
0.8972
0.897295
0.897382
0.897471
0.897566
0.897654
0.897743
0.897838
0.897926
0.89802
0.898107
0.898197
0.898292
0.89838
0.898475
0.898562
0.898652
0.898747
0.898834
0.898924
0.89902
0.899107
0.899202
0.89929
0.899385
0.899472
0.899562
0.899658
0.899746
0.899841
0.899929
0.900024
0.900111
0.900207
0.900294
0.90039
0.900477
0.900573
0.90066
0.900756
0.900844
0.900939
0.901027
0.901122
0.90121
0.901306
0.901394
0.901489
0.901577
0.901673
0.901766
0.901854
0.901949
0.902037
0.902133
0.902221
0.902317
0.90241
0.902498
0.902594
0.902682
0.902778
0.902871
0.902959
0.903055
0.903143
0.903239
0.903333
0.90342
0.903516
0.90361
0.903698
0.903794
0.903888
0.903976
0.904072
0.904165
0.904253
0.90435
0.904443
0.904532
0.904628
0.904722
0.90481
0.904906
0.905
0.905094
0.905182
0.905278
0.905372
0.90546
0.905557
0.905651
0.905745
0.905833
0.90593
0.906024
0.906117
0.906206
0.906302
0.906397
0.906491
0.906584
0.906678
0.906766
0.906863
0.906957
0.907051
0.90714
0.907237
0.907331
0.907425
0.907519
0.907613
0.907707
0.907796
0.907893
0.907988
0.908082
0.908176
0.90827
0.908364
0.908453
0.90855
0.908645
0.908739
0.908834
0.908928
0.909022
0.909116
0.909211
0.909305
0.909399
0.909494
0.909588
0.909682
0.909771
0.909869
0.909964
0.910059
0.910153
0.910248
0.910343
0.910437
0.910532
0.910627
0.910721
0.910816
0.910911
0.911005
0.9111
0.911195
0.91129
0.911385
0.911479
0.911574
0.911669
0.911764
0.911864
0.911956
0.912051
0.912145
0.91224
0.912335
0.91243
0.912526
0.912621
0.912716
0.912811
0.912906
0.913007
0.913099
0.913194
0.913289
0.913384
0.913479
0.913575
0.913675
0.913768
0.913863
0.913958
0.914053
0.914149
0.914244
0.914345
0.914438
0.914533
0.914628
0.914729
0.914822
0.914917
0.915012
0.915108
0.915209
0.915302
0.915397
0.915492
0.915593
0.915686
0.915782
0.915877
0.915978
0.916071
0.916167
0.916263
0.916364
0.916457
0.916552
0.916654
0.916747
0.916842
0.916943
0.917037
0.917132
0.917228
0.91733
0.917423
0.917524
0.917617
0.917713
0.917814
0.917908
0.918003
0.918105
0.918198
0.918294
0.918396
0.918489
0.918591
0.918684
0.91878
0.918882
0.918975
0.919077
0.91917
0.919272
0.919365
0.919461
0.919563
0.919657
0.919759
0.919852
0.919954
0.920048
0.920149
0.920243
0.920344
0.920438
0.92054
0.920634
0.920736
0.920829
0.920931
0.921025
0.921127
0.921221
0.921323
0.921417
0.921519
0.921613
0.921715
0.921814
0.921911
0.922009
0.922107
0.922205
0.922303
0.922402
0.9225
0.922598
0.922697
0.922795
0.922894
0.922992
0.923091
0.923189
0.923288
0.923391
0.923486
0.923584
0.923683
0.923782
0.92388
0.923979
0.924083
0.924178
0.924276
0.924375
0.924474
0.924573
0.924672
0.924775
0.924871
0.92497
0.925073
0.925169
0.925268
0.925367
0.925466
0.92557
0.925665
0.925764
0.925868
0.925964
0.926063
0.926162
0.926262
0.926366
0.926461
0.926561
0.926665
0.926761
0.92686
0.926964
0.92706
0.92716
0.927264
0.92736
0.92746
0.927564
0.92766
0.92776
0.927864
0.927965
0.928061
0.928161
0.928265
0.928361
0.928461
0.928566
0.928667
0.928763
0.928863
0.928968
0.929064
0.929169
0.929265
0.92937
0.929466
0.929571
0.929668
0.929773
0.929869
0.929974
0.930071
0.930176
0.930277
0.930374
0.930474
0.930579
0.930681
0.930778
