0
0
0
0
0
0
0
0
0
0
0
0
0
0
0
0
0
0
0
0
0
0
0
0
0
0
0
0
0
0
0
0
0
0
0
0
0
0
0
0
0
0
0
0
0
0
0
0
0
0
0
0
0
0
0
0
0
0
0
0
0
0
0
0
0
0
0
0
0
0
0
0
0
0
0
0
0
0
0
0
0
0
0
0
0
0
0
0
0
0
0
0
0
0
0
0
0
0
0
0
0
0
0
0
0
0
0
0
0
0
0
0
0
0
0
0
0
0
0
0
0
0
0
0
0
0
0
0
0
0
0
0
0
0
0
0
0
0
0
0
0
0
0
0
0
0
0
0
0
0
0
0
0
0
0
0
0
0
0
0
0
0
0
0
0
0
0
0
0
0
0
0
0
0
0
0
0
0
0
0
0
0
0
0
0
0
0
0
0
0
0
0
0
0
0
0
0
1.42828e-05
2.68346e-05
3.47428e-05
4.10227e-05
4.63862e-05
5.11307e-05
5.53941e-05
5.93342e-05
6.29678e-05
6.63703e-05
6.95687e-05
7.2593e-05
7.54757e-05
7.82327e-05
8.08636e-05
8.33751e-05
8.58146e-05
8.81457e-05
9.04032e-05
9.25933e-05
9.46975e-05
9.67658e-05
9.87514e-05
0.000100684
0.000102578
0.000104417
0.000106207
0.000107954
0.000109658
0.000111323
0.000112964
0.000114562
0.00011611
0.000117647
0.000119146
0.000120615
0.000122071
0.000123475
0.000124875
0.000126225
0.000127574
0.000128893
0.000130188
0.000131461
0.000132712
0.00013396
0.000135163
0.00013637
0.000137534
0.000138704
0.00013985
0.000140959
0.000142079
0.000143175
0.000144255
0.000145332
0.00014637
0.00014741
0.000148433
0.000149451
0.000150432
0.000151428
0.000152403
0.000153365
0.000154313
0.00015525
0.000156176
0.00015709
0.000157993
0.000158885
0.000159778
0.000160655
0.00016151
0.000162382
0.000163213
0.000164065
0.000164877
0.00016571
0.000166512
0.000167317
0.000168121
0.000168901
0.000169687
0.00017045
0.00017122
0.000171977
0.000172715
0.000173473
0.000174191
0.000174934
0.000175638
0.000176366
0.000177067
0.000177765
0.000178469
0.00017916
0.000179832
0.000180515
0.000181187
0.000181841
0.000182505
0.000183159
0.000183807
0.00018446
0.00018509
0.000185718
0.000186354
0.000186967
0.000187579
0.000188199
0.000188809
0.000189399
0.000189994
0.000190593
0.000191183
0.000191766
0.000192344
0.000192918
0.000193486
0.00019405
0.00019461
0.000195165
0.000195716
0.000196263
0.000196818
0.00019735
0.000197895
0.000198418
0.000198955
0.00019947
0.000199999
0.000200519
0.000201034
0.000201531
0.000202045
0.00020255
0.00020305
0.000203546
0.000204038
0.000204527
0.000205026
0.000205501
0.000205977
0.000206452
0.000206937
0.000207398
0.000207875
0.00020833
0.000208801
0.000209248
0.000209713
0.000210155
0.000210613
0.000211063
0.000211508
0.000211936
0.000212382
0.00021282
0.000213254
0.000213685
0.000214113
0.00021454
0.000214959
0.000215377
0.000215808
0.000216214
0.000216623
0.000217045
0.000217443
0.000217859
0.000218251
0.000218662
0.000219049
0.000219455
0.000219852
0.000220231
0.000220629
0.000221019
0.000221406
0.000221789
0.000222155
0.000222542
0.00022292
0.000223296
0.000223668
0.000224038
0.000224407
0.000224788
0.000225143
0.000225503
0.000225862
0.000226219
0.000226589
0.000226935
0.000227284
0.000227648
0.000227988
0.000228331
0.000228689
0.000229023
0.000229376
0.000229705
0.000230054
0.000230395
0.000230717
0.000231061
0.00023138
0.000231721
0.000232053
0.000232381
0.000232692
0.000233025
0.00023335
0.000233672
0.000233991
0.000234309
0.000234625
0.000234939
0.000235252
0.000235563
0.000235873
0.000236181
0.000236487
0.000236792
0.000237095
0.000237397
0.000237697
0.000237996
0.00023831
0.000238598
0.00023889
0.000239182
0.000239489
0.000239771
0.000240057
0.000240348
0.000240642
0.000240931
0.000241218
0.000241502
0.000241769
0.000242059
0.000242342
0.000242622
0.0002429
0.000243176
0.000243452
0.000243725
0.000243998
0.000244269
0.000244539
0.000244807
0.000245075
0.000245341
0.000245606
0.00024587
0.000246149
0.000246402
0.00024666
0.000246918
0.000247175
0.000247448
0.000247695
0.000247947
0.000248216
0.000248459
0.000248707
0.000248973
0.000249213
0.000249475
0.000249711
0.000249962
0.00025021
0.000250455
0.0002507
0.000250951
0.00025118
0.000251433
0.000251661
0.000251912
0.000252147
0.000252383
0.000252627
0.000252857
0.00025309
0.000253331
0.000253567
0.000253784
0.000254025
0.000254259
0.00025449
0.00025472
0.000254931
0.000255167
0.000255397
0.000255623
0.000255848
0.000256072
0.000256295
0.000256517
0.000256738
0.000256958
0.000257177
0.000257395
0.000257612
0.000257829
0.000258045
0.000258259
0.000258473
0.000258686
0.000258899
0.00025911
0.000259321
0.000259531
0.000259749
0.000259961
0.000260163
0.000260367
0.000260572
0.000260786
0.000260995
0.000261192
0.000261393
0.000261612
0.000261803
0.000262
0.000262208
0.000262411
0.000262602
0.000262807
0.000263007
0.000263196
0.000263407
0.000263591
0.000263791
0.000263987
0.000264172
0.00026438
0.00026456
0.000264765
0.000264944
0.000265148
0.000265324
0.000265527
0.000265702
0.000265903
0.000266087
0.000266272
0.000266467
0.000266638
0.000266835
0.000267013
0.000267196
0.000267387
0.000267573
0.000267748
0.000267927
0.000268106
0.000268294
0.000268477
0.000268648
0.000268823
0.000269009
0.000269189
0.000269357
0.00026954
0.000269718
0.000269884
0.000270065
0.00027024
0.000270405
0.000270584
0.000270758
0.000270921
0.000271107
0.000271265
0.000271449
0.000271605
0.000271788
0.000271943
0.000272115
0.000272283
0.000272451
0.000272617
0.000272792
0.000272943
0.000273121
0.000273271
0.000273448
0.000273607
0.000273768
0.000273939
0.000274086
0.00027426
0.000274416
0.000274574
0.000274743
0.000274896
0.000275053
0.000275219
0.000275371
0.000275526
0.000275691
0.000275851
0.000276
0.000276152
0.000276315
0.000276473
0.000276619
0.00027677
0.000276931
0.000277086
0.000277241
0.000277384
0.000277532
0.00027769
0.000277844
0.000277995
0.000278146
0.000278286
0.000278441
0.000278582
0.000278736
0.000278886
0.000279034
0.000279181
0.000279328
0.000279475
0.00027962
0.000279766
0.000279911
0.000280055
0.000280199
0.000280342
0.000280485
0.000280628
0.00028077
0.000280912
0.000281053
0.000281194
0.000281335
0.000281475
0.000281614
0.000281754
0.000281893
0.000282041
0.000282174
0.00028232
0.000282451
0.000282586
0.000282722
0.000282857
0.000282993
0.000283138
0.000283278
0.000283405
0.000283537
0.000283669
0.000283812
0.00028394
0.00028408
0.000284206
0.000284336
0.000284477
0.000284612
0.000284736
0.000284863
0.000285002
0.000285136
0.000285258
0.000285384
0.000285532
0.000285649
0.000285773
0.000285909
0.00028604
0.000286159
0.000286293
0.000286423
0.00028654
0.000286673
0.000286802
0.000286918
0.000287061
0.000287172
0.000287302
0.000287428
0.000287543
0.000287683
0.000287793
0.000287921
0.000288046
0.000288169
0.000288292
0.000288404
0.000288542
0.000288649
0.000288785
0.000288892
0.000289027
0.000289133
0.000289267
0.000289372
0.000289506
0.00028961
0.000289744
0.000289847
0.00028998
0.000290083
0.000290215
0.000290317
0.000290449
0.000290561
0.000290676
0.000290791
0.000290906
0.000291032
0.000291131
0.00029126
0.00029137
0.000291482
0.000291606
0.000291714
0.000291825
0.000291948
0.000292044
0.00029217
0.000292277
0.000292388
0.000292509
0.000292614
0.000292723
0.000292844
0.000292948
0.000293056
0.000293175
0.00029329
0.000293391
0.000293497
0.000293616
0.000293718
0.000293824
0.000293941
0.000294053
0.00029415
0.000294263
0.000294372
0.00029448
0.000294577
0.000294701
0.000294793
0.000294915
0.000295006
0.000295116
0.000295223
0.000295329
0.000295435
0.00029554
0.000295644
0.000295749
0.000295853
0.000295957
0.00029606
0.000296164
0.000296267
0.000296381
0.000296467
0.000296584
0.00029667
0.000296787
0.000296884
0.000296984
0.000297085
