298
312.416
319.921
325.554
330.248
334.356
338.053
341.442
344.589
347.54
350.326
352.973
355.5
357.922
360.25
362.496
364.666
366.769
368.809
370.794
372.725
374.609
376.448
378.245
380.003
381.724
383.411
385.065
386.689
388.284
389.851
391.392
392.909
394.401
395.871
397.32
398.747
400.155
401.544
402.915
404.268
405.604
406.924
408.228
409.517
410.791
412.051
413.297
414.53
415.751
416.959
418.154
419.339
420.511
421.673
422.824
423.964
425.094
426.215
427.325
428.426
429.519
430.602
431.676
432.742
433.799
434.849
435.89
436.924
437.95
438.968
439.98
440.984
441.981
442.972
443.955
444.933
445.903
446.868
447.826
448.778
449.724
450.665
451.6
452.529
453.452
454.37
455.283
456.19
457.093
457.99
458.882
459.77
460.652
461.53
462.403
463.272
464.136
464.995
465.85
466.701
467.548
468.39
469.229
470.063
470.893
471.719
472.542
473.36
474.175
474.986
475.793
476.597
477.397
478.194
478.987
479.776
480.562
481.345
482.125
482.901
483.674
484.444
485.21
485.974
486.734
487.492
488.246
488.998
489.746
490.492
491.235
491.974
492.712
493.446
494.177
494.906
495.633
496.356
497.077
497.795
498.511
499.224
499.935
500.643
501.349
502.052
502.753
503.452
504.148
504.842
505.534
506.223
506.91
507.595
508.277
508.957
509.635
510.311
510.985
511.657
512.327
512.994
513.66
514.323
514.984
515.644
516.301
516.957
517.61
518.262
518.912
519.559
520.205
520.849
521.491
522.132
522.77
523.407
524.042
524.675
525.306
525.936
526.564
527.19
527.814
528.437
529.058
529.678
530.296
530.912
531.526
532.139
532.751
533.36
533.969
534.575
535.18
535.784
536.386
536.987
537.586
538.183
538.779
539.374
539.967
540.558
541.149
541.738
542.325
542.911
543.496
544.079
544.661
545.241
545.82
546.398
546.974
547.549
548.123
548.696
549.267
549.837
550.405
550.973
551.539
552.104
552.667
553.229
553.791
554.35
554.909
555.466
556.023
556.578
557.132
557.684
558.236
558.786
559.335
559.883
560.43
560.976
561.52
562.064
562.606
563.148
563.688
564.227
564.765
565.302
565.838
566.372
566.906
567.439
567.97
568.501
569.031
569.559
570.087
570.613
571.138
571.663
572.186
572.709
573.23
573.751
574.27
574.789
575.306
575.823
576.339
576.853
577.367
577.88
578.392
578.903
579.413
579.922
580.43
580.937
581.443
581.949
582.453
582.957
583.46
583.962
584.463
584.963
585.462
585.961
586.458
586.955
587.451
587.946
588.44
588.933
589.426
589.917
590.408
590.898
591.387
591.876
592.363
592.85
593.336
593.821
594.306
594.789
595.272
595.754
596.235
596.716
597.196
597.674
598.153
598.63
599.107
599.583
600.058
600.532
601.006
601.479
601.951
602.423
602.893
603.363
603.833
604.301
604.769
605.236
605.703
606.168
606.633
607.098
607.561
608.024
608.487
608.948
609.409
609.869
610.329
610.788
611.246
611.704
612.16
612.617
613.072
613.527
613.981
614.435
614.888
615.34
615.792
616.243
616.693
617.143
617.592
618.04
618.488
618.936
619.382
619.828
620.273
620.718
621.162
621.606
622.049
622.491
622.933
623.374
623.815
624.255
624.694
625.133
625.571
626.008
626.445
626.882
627.318
627.753
628.188
628.622
629.055
629.488
629.921
630.353
630.784
631.215
631.645
632.075
632.504
632.932
633.36
633.788
634.215
634.641
635.067
635.492
635.917
636.341
636.765
637.188
637.611
638.033
638.454
638.875
639.296
639.716
640.136
640.555
640.973
641.391
641.809
642.226
642.642
643.058
643.474
643.888
644.303
644.717
645.13
645.543
645.956
646.368
646.78
647.191
647.601
648.011
648.421
648.83
649.239
649.647
650.055
650.462
650.869
651.275
651.681
652.086
652.491
652.896
653.3
653.703
654.106
654.509
654.911
655.313
655.714
656.115
656.515
656.915
657.315
657.714
658.112
658.51
658.908
659.305
659.702
660.099
660.495
660.89
661.285
661.68
662.074
662.468
662.862
663.255
663.647
664.039
664.431
664.822
665.213
665.604
665.994
666.383
666.773
667.161
667.55
667.938
668.326
668.713
669.1
669.486
669.872
670.258
670.643
671.028
671.412
671.796
672.18
672.563
672.946
673.328
673.71
674.092
674.473
674.854
675.235
675.615
675.994
676.374
676.753
677.131
677.51
677.888
678.265
678.642
679.019
679.395
679.771
680.147
680.522
680.897
681.272
681.646
682.02
682.393
682.766
683.139
683.511
683.883
684.255
684.626
684.997
685.368
685.738
686.108
686.477
686.846
687.215
687.584
687.952
688.32
688.687
689.054
689.421
689.787
690.153
690.519
690.884
691.249
691.614
691.978
692.342
692.706
693.069
693.432
693.795
694.157
694.52
694.881
695.243
695.604
695.964
696.325
696.685
697.045
697.404
697.763
698.122
698.48
698.838
699.196
699.554
699.911
700.268
700.624
700.98
701.336
701.692
702.047
702.402
702.757
703.111
703.465
703.819
704.172
704.526
704.878
705.231
705.583
705.935
706.287
706.638
706.989
707.34
707.69
708.04
708.39
708.739
709.089
709.437
709.786
710.134
710.482
710.83
711.178
711.525
711.872
712.218
712.564
712.91
713.256
713.601
713.947
714.291
714.636
714.98
715.324
715.668
716.011
716.355
716.697
717.04
717.382
717.724
718.066
718.408
718.749
719.09
719.43
719.771
720.111
720.451
720.79
721.129
721.468
721.807
722.146
722.484
722.822
723.159
723.497
723.834
724.171
724.507
724.844
725.18
725.515
725.851
726.186
726.521
726.856
727.19
727.525
727.859
728.192
728.526
728.859
729.192
729.525
729.857
730.189
730.521
730.853
731.184
731.515
731.846
732.177
732.507
732.837
733.167
733.497
733.826
734.155
734.484
734.813
735.141
735.47
735.797
736.125
736.453
736.78
737.107
737.433
737.76
738.086
738.412
738.738
739.063
739.388
739.713
740.038
740.363
740.687
741.011
741.335
741.659
741.982
742.305
742.628
742.95
743.273
743.595
743.917
744.239
744.56
744.881
745.203
745.523
745.844
746.164
746.484
746.804
747.124
747.443
747.762
748.081
748.4
748.719
749.037
749.355
749.673
749.99
750.308
750.625
750.942
751.259
751.575
751.892
752.208
752.523
752.839
753.155
753.47
753.785
754.099
754.414
754.728
755.042
755.356
755.67
755.984
756.297
756.61
756.923
757.235
757.548
757.86
758.172
758.484
758.795
759.107
759.418
759.729
760.039
760.35
760.66
760.97
761.28
761.59
761.899
762.209
762.518
762.826
763.135
763.444
763.752
764.06
764.368
764.675
764.983
765.29
765.597
765.904
766.21
766.517
766.823
767.129
767.435
767.741
768.046
768.351
768.656
768.961
769.266
769.57
769.874
770.178
770.482
770.786
771.089
771.393
771.696
771.999
772.301
772.604
772.906
773.208
773.51
773.812
774.113
774.415
774.716
775.017
775.318
775.618
775.919
776.219
776.519
776.819
777.118
777.418
777.717
778.016
778.315
778.614
778.912
779.211
779.509
779.807
780.105
780.402
780.7
780.997
781.294
781.591
781.888
782.184
782.481
782.777
783.073
783.368
783.664
783.959
784.255
784.55
784.845
785.139
785.434
785.728
786.023
786.317
786.61
786.904
787.198
787.491
787.784
788.077
788.37
788.662
788.955
789.247
789.539
789.831
790.123
790.414
790.706
790.997
791.288
791.579
791.87
792.16
792.45
792.741
793.031
793.32
793.61
793.9
794.189
794.478
794.767
795.056
795.345
795.633
795.922
796.21
796.498
796.786
797.073
797.361
797.648
797.935
798.222
798.509
798.796
799.082
799.369
799.655
799.941
799.436
799.425
799.426
799.428
799.43
799.433
799.435
799.437
799.439
799.441
799.443
799.445
799.447
799.448
799.45
799.451
799.453
799.454
799.455
799.456
799.458
799.459
799.46
799.461
799.462
799.463
799.464
799.465
799.466
799.467
799.468
799.469
799.47
799.47
799.471
799.472
799.473
799.474
799.474
799.475
799.476
799.477
799.477
799.478
799.479
799.479
799.48
799.481
799.481
799.482
799.482
799.483
799.484
799.484
799.485
799.485
799.486
799.486
799.487
799.488
799.488
799.489
799.489
799.49
799.49
799.491
799.491
799.492
799.492
799.493
799.493
799.493
799.494
799.494
799.495
799.495
799.496
799.496
799.497
799.497
799.497
799.498
799.498
799.499
799.499
799.5
799.5
799.5
799.501
799.501
799.502
799.502
799.502
799.503
799.503
799.503
799.504
799.504
799.505
799.505
799.505
799.506
799.506
799.506
799.507
799.507
799.507
799.508
799.508
799.508
799.509
799.509
799.509
799.51
799.51
799.51
799.511
799.511
799.511
799.512
799.512
799.512
799.513
799.513
799.513
799.513
799.514
799.514
799.514
799.515
799.515
799.515
799.516
799.516
799.516
799.516
799.517
799.517
799.517
799.518
799.518
799.518
799.518
799.519
799.519
799.519
799.519
799.52
799.52
799.52
799.52
799.52
799.521
799.521
799.521
799.521
799.522
799.522
799.522
799.522
799.523
799.523
799.523
799.523
799.524
799.524
799.524
799.524
799.524
799.525
799.525
799.525
799.525
799.525
799.526
799.526
799.526
799.526
799.527
799.527
799.527
799.527
799.527
799.528
799.528
799.528
799.528
799.528
799.529
799.529
799.529
799.529
799.529
799.53
799.53
799.53
799.53
799.53
799.531
799.531
799.531
799.531
799.531
799.532
799.532
799.532
799.532
799.532
799.533
799.533
799.533
799.533
799.533
799.534
799.534
799.534
799.534
799.534
799.534
799.535
799.535
799.535
799.535
799.535
799.536
799.536
799.536
799.536
799.536
799.536
799.537
799.537
799.537
799.537
799.537
799.538
799.538
799.538
799.538
799.538
799.538
799.539
799.539
799.539
799.539
799.539
799.539
799.54
799.54
799.54
799.54
799.54
799.54
799.541
799.541
799.541
799.541
799.541
799.541
799.542
799.542
799.542
799.542
799.542
799.542
799.543
799.543
799.543
799.543
799.543
799.543
799.544
799.544
799.544
799.544
799.544
799.544
799.545
799.545
799.545
799.545
799.545
799.545
799.546
799.546
799.546
799.546
799.546
799.546
799.546
799.547
799.547
799.547
799.547
799.547
799.547
799.548
799.548
799.548
799.548
799.548
799.548
799.548
799.549
799.549
799.549
799.549
799.549
799.549
799.55
799.55
799.55
799.55
799.55
799.55
799.55
799.551
799.551
799.551
799.551
799.551
799.551
799.551
799.552
799.552
799.552
799.552
799.552
799.552
799.552
799.553
799.553
799.553
799.553
799.553
799.553
799.553
799.554
799.554
799.554
799.554
799.554
799.554
799.554
799.555
799.555
799.555
799.555
799.555
799.555
799.555
799.556
799.556
799.556
799.556
799.556
799.556
799.556
799.557
799.557
799.557
799.557
799.557
799.557
799.557
799.557
799.558
799.558
799.558
799.558
799.558
799.558
799.558
799.559
799.559
799.559
799.559
799.559
799.559
799.559
799.559
799.56
799.56
799.56
799.56
799.56
799.56
799.56
799.561
799.561
799.561
799.561
799.561
799.561
799.561
799.561
799.562
799.562
799.562
799.562
799.562
799.562
799.562
799.563
799.563
799.563
799.563
799.563
799.563
799.563
799.563
799.564
799.564
799.564
799.564
799.564
799.564
799.564
799.564
799.565
799.565
799.565
799.565
799.565
799.565
799.565
799.565
799.566
799.566
799.566
799.566
799.566
799.566
799.566
799.566
799.567
799.567
799.567
799.567
799.567
799.567
799.567
799.567
799.568
799.568
799.568
799.568
799.568
799.568
799.568
799.568
799.569
799.569
799.569
799.569
799.569
799.569
799.569
799.569
799.569
799.57
799.57
799.57
799.57
799.57
799.57
799.57
799.57
799.571
799.571
799.571
799.571
799.571
799.571
799.571
799.571
799.572
799.572
799.572
799.572
799.572
799.572
799.572
799.572
799.572
799.573
799.573
799.573
799.573
799.573
799.573
799.573
799.573
799.574
799.574
799.574
799.574
799.574
799.574
799.574
799.574
799.574
799.575
799.575
799.575
799.575
799.575
799.575
799.575
799.575
799.576
799.576
799.576
799.576
799.576
799.576
799.576
799.576
799.576
799.577
799.577
799.577
799.577
799.577
799.577
799.577
799.577
799.577
799.578
799.578
799.578
799.578
799.578
799.578
799.578
799.578
799.579
799.579
799.579
799.579
799.579
799.579
799.579
799.579
799.579
799.58
799.58
799.58
799.58
799.58
799.58
799.58
799.58
799.58
799.581
799.581
799.581
799.581
799.581
799.581
799.581
799.581
799.581
799.582
799.582
799.582
799.582
799.582
799.582
799.582
799.582
799.582
799.583
799.583
799.583
799.583
799.583
799.583
799.583
799.583
799.583
799.584
799.584
799.584
799.584
799.584
799.584
799.584
799.584
799.584
799.584
799.585
799.585
799.585
799.585
799.585
799.585
799.585
799.585
799.585
799.586
799.586
799.586
799.586
799.586
799.586
799.586
799.586
799.586
799.587
799.587
799.587
799.587
799.587
799.587
799.587
799.587
799.587
799.588
799.588
799.588
799.588
799.588
799.588
799.588
799.588
799.588
799.588
799.589
799.589
799.589
799.589
799.589
799.589
799.589
799.589
799.589
799.59
799.59
799.59
799.59
799.59
799.59
799.59
799.59
799.59
799.59
799.591
799.591
799.591
799.591
799.591
799.591
799.591
799.591
799.591
799.592
799.592
799.592
799.592
799.592
799.592
799.592
799.592
799.592
799.592
799.593
799.593
799.593
799.593
799.593
799.593
799.593
799.593
799.593
799.594
799.594
799.594
799.594
799.594
799.594
799.594
799.594
799.594
799.594
799.595
799.595
799.595
799.595
799.595
799.595
799.595
799.595
799.595
799.595
799.596
799.596
799.596
799.596
799.596
799.596
799.596
799.596
799.596
799.596
799.597
799.597
799.597
799.597
799.597
799.597
799.597
799.597
799.597
799.598
799.598
799.598
799.598
799.598
799.598
799.598
799.598
799.598
799.598
799.599
799.599
799.599
799.599
799.599
799.599
799.599
799.599
799.599
799.599
799.6
799.6
799.6
799.6
799.6
799.6
799.6
799.6
799.6
799.6
799.601
799.601
799.601
799.601
799.601
799.601
799.601
799.601
799.601
799.601
799.602
799.602
799.602
799.602
799.602
799.602
799.602
799.602
799.602
799.602
799.603
799.603
799.603
799.603
799.603
799.603
799.603
799.603
799.603
799.603
799.604
799.604
799.604
799.604
799.604
799.604
799.604
799.604
799.604
799.604
799.605
799.605
799.605
799.605
799.605
799.605
799.605
799.605
799.605
799.605
799.606
799.606
799.606
799.606
799.606
799.606
799.606
799.606
799.606
799.606
799.606
799.607
799.607
799.607
799.607
799.607
799.607
799.607
799.607
799.607
799.607
799.608
799.608
799.608
799.608
799.608
799.608
799.608
799.608
799.608
799.608
799.609
799.609
799.609
799.609
799.609
799.609
799.609
799.609
799.609
799.609
799.61
799.61
799.61
799.61
799.61
799.61
799.61
799.61
799.61
799.61
799.61
799.611
799.611
799.611
799.611
799.611
799.611
799.611
799.611
799.611
799.611
799.612
799.612
799.612
799.612
799.612
799.612
799.612
799.612
799.612
799.612
799.613
799.613
799.613
799.613
799.613
799.613
799.613
799.613
799.613
799.613
799.613
799.614
799.614
799.614
799.614
799.614
799.614
799.614
799.614
799.614
799.614
799.615
799.615
799.615
799.615
799.615
799.615
799.615
799.615
799.615
799.615
799.615
799.616
799.616
799.616
799.616
799.616
799.616
799.616
799.616
799.616
799.616
799.617
799.617
799.617
799.617
799.617
799.617
799.617
799.617
799.617
799.617
799.617
799.618
799.618
799.618
799.618
799.618
799.618
799.618
799.618
799.618
799.618
799.619
799.619
799.619
799.619
799.619
799.619
799.619
799.619
799.619
799.619
799.619
799.62
799.62
799.62
799.62
799.62
799.62
799.62
799.62
799.62
799.62
799.62
799.621
799.621
799.621
799.621
799.621
799.621
799.621
799.621
799.621
799.621
799.622
799.622
799.622
799.622
799.622
799.622
799.622
799.622
799.622
799.622
799.622
799.623
799.623
799.623
799.623
799.623
799.623
799.623
799.623
799.623
799.623
799.623
799.624
799.624
799.624
799.624
799.624
799.624
799.624
799.624
799.624
799.624
799.624
799.625
799.625
799.625
799.625
799.625
799.625
799.625
799.625
799.625
799.625
799.626
799.626
799.626
799.626
799.626
799.626
799.626
799.626
799.626
799.626
799.626
799.627
799.627
799.627
799.627
799.627
799.627
799.627
799.627
799.627
799.627
799.627
799.628
799.628
799.628
799.628
799.628
799.628
799.628
799.628
799.628
799.628
799.628
799.629
799.629
799.629
799.629
799.629
799.629
799.629
799.629
799.629
799.629
799.629
799.63
799.63
799.63
799.63
799.63
799.63
799.63
799.63
799.63
799.63
799.63
799.631
799.631
799.631
799.631
799.631
799.631
799.631
799.631
799.631
799.631
799.631
799.632
799.632
799.632
799.632
799.632
799.632
799.632
799.632
799.632
799.632
799.633
799.633
799.633
799.633
799.633
799.633
799.633
799.633
799.633
799.633
799.633
799.634
799.634
799.634
799.634
799.634
799.634
799.634
799.634
799.634
799.634
799.634
799.635
799.635
799.635
799.635
799.635
799.635
799.635
799.635
799.635
799.635
799.635
799.636
799.636
799.636
799.636
799.636
799.636
799.636
799.636
799.636
799.636
799.636
799.637
799.637
799.637
799.637
799.637
799.637
799.637
799.637
799.637
799.637
799.637
799.637
799.638
799.638
799.638
799.638
799.638
799.638
799.638
799.638
799.638
799.638
799.638
799.639
799.639
799.639
799.639
799.639
799.639
799.639
799.639
799.639
799.639
799.639
799.64
799.64
799.64
799.64
799.64
799.64
799.64
799.64
799.64
799.64
799.64
799.641
799.641
799.641
799.641
799.641
799.641
799.641
799.641
799.641
799.641
799.641
799.642
799.642
799.642
799.642
799.642
799.642
799.642
799.642
799.642
799.642
799.642
799.643
799.643
799.643
799.643
799.643
799.643
799.643
799.643
799.643
799.643
799.643
799.643
799.643
799.644
799.644
799.644
799.644
799.644
799.644
799.644
799.644
799.644
799.644
799.644
799.644
799.645
799.645
799.645
799.645
799.645
799.645
799.645
799.645
799.645
799.645
799.645
799.645
799.646
799.646
799.646
799.646
799.646
799.646
799.646
799.646
799.646
799.646
799.646
799.646
799.647
799.647
799.647
799.647
799.647
799.647
799.647
799.647
799.647
799.647
799.647
799.647
799.648
799.648
799.648
799.648
799.648
799.648
799.648
799.648
799.648
799.648
799.648
799.648
799.649
799.649
799.649
799.649
799.649
799.649
799.649
799.649
799.649
799.649
799.649
799.649
799.65
799.65
799.65
799.65
799.65
799.65
799.65
799.65
799.65
799.65
799.65
799.65
799.65
799.651
799.651
799.651
799.651
799.651
799.651
799.651
799.651
799.651
799.651
799.651
799.651
799.652
799.652
799.652
799.652
799.652
799.652
799.652
799.652
799.652
799.652
799.652
799.652
799.653
799.653
799.653
799.653
799.653
799.653
799.653
799.653
799.653
799.653
799.653
799.653
799.654
799.654
799.654
799.654
799.654
799.654
799.654
799.654
799.654
799.654
799.654
799.654
799.654
799.655
799.655
799.655
799.655
799.655
799.655
799.655
799.655
799.655
799.655
799.655
799.655
799.656
799.656
799.656
799.656
799.656
799.656
799.656
799.656
799.656
799.656
799.656
799.656
799.657
799.657
799.657
799.657
799.657
799.657
799.657
799.657
799.657
799.657
799.657
799.657
799.658
799.658
799.658
799.658
799.658
799.658
799.658
799.658
799.658
799.658
799.658
799.658
799.658
799.659
799.659
799.659
799.659
799.659
799.659
799.659
799.659
799.659
799.659
799.659
799.659
799.66
799.66
799.66
799.66
799.66
799.66
799.66
799.66
799.66
799.66
799.66
799.66
799.661
799.661
799.661
799.661
799.661
799.661
799.661
799.661
799.661
799.661
799.661
799.661
799.661
799.662
799.662
799.662
799.662
799.662
799.662
799.662
799.662
799.662
799.662
799.662
799.662
799.663
799.663
799.663
799.663
799.663
799.663
799.663
799.663
799.663
799.663
799.663
799.663
799.664
799.664
799.664
799.664
799.664
799.664
799.664
799.664
799.664
799.664
799.664
799.664
799.664
799.665
799.665
799.665
799.665
799.665
799.665
799.665
799.665
799.665
799.665
799.665
799.665
799.666
799.666
799.666
799.666
799.666
799.666
799.666
799.666
799.666
799.666
799.666
799.666
799.667
799.667
799.667
799.667
799.667
799.667
799.667
799.667
799.667
799.667
799.667
799.667
799.667
799.668
799.668
799.668
799.668
799.668
799.668
799.668
799.668
799.668
799.668
799.668
799.668
799.669
799.669
799.669
799.669
799.669
799.669
799.669
799.669
799.669
799.669
799.669
799.669
799.67
799.67
799.67
799.67
799.67
799.67
799.67
799.67
799.67
799.67
799.67
799.67
799.67
799.671
799.671
799.671
799.671
799.671
799.671
799.671
799.671
799.671
799.671
799.671
799.671
799.672
799.672
799.672
799.672
799.672
799.672
799.672
799.672
799.672
799.672
799.672
799.672
799.673
799.673
799.673
799.673
799.673
799.673
799.673
799.673
799.673
799.673
799.673
799.673
799.673
799.674
799.674
799.674
799.674
799.674
799.674
799.674
799.674
799.674
799.674
799.674
799.674
799.675
799.675
799.675
799.675
799.675
799.675
799.675
799.675
799.675
799.675
799.675
799.675
799.675
799.676
799.676
799.676
799.676
799.676
799.676
799.676
799.676
799.676
799.676
799.676
799.676
799.677
799.677
799.677
799.677
799.677
799.677
799.677
799.677
799.677
799.677
799.677
799.677
799.678
799.678
799.678
799.678
799.678
799.678
799.678
799.678
799.678
799.678
799.678
799.678
799.678
799.679
799.679
799.679
799.679
799.679
799.679
799.679
799.679
799.679
799.679
799.679
799.679
799.68
799.68
799.68
799.68
799.68
799.68
799.68
799.68
799.68
799.68
799.68
799.68
799.68
799.681
799.681
799.681
799.681
799.681
799.681
799.681
799.681
799.681
799.681
799.681
799.681
799.682
799.682
799.682
799.682
799.682
799.682
799.682
799.682
799.682
799.682
799.682
799.682
799.683
799.683
799.683
799.683
799.683
799.683
799.683
799.683
799.683
799.683
799.683
799.683
799.683
799.684
799.684
799.684
799.684
799.684
799.684
799.684
799.684
799.684
799.684
799.684
799.684
799.685
799.685
799.685
799.685
799.685
799.685
799.685
799.685
799.685
799.685
799.685
799.685
799.685
799.686
799.686
799.686
799.686
799.686
799.686
799.686
799.686
799.686
799.686
799.686
799.686
799.687
799.687
799.687
799.687
799.687
799.687
799.687
799.687
799.687
799.687
799.687
799.687
799.688
799.688
799.688
799.688
799.688
799.688
799.688
799.688
799.688
799.688
799.688
799.688
799.688
799.689
799.689
799.689
799.689
799.689
799.689
799.689
799.689
799.689
799.689
799.689
799.689
799.69
799.69
799.69
799.69
799.69
799.69
799.69
799.69
799.69
799.69
799.69
799.69
799.69
799.691
799.691
799.691
799.691
799.691
799.691
799.691
799.691
799.691
799.691
799.691
799.691
799.692
799.692
799.692
799.692
799.692
799.692
799.692
799.692
799.692
799.692
799.692
799.692
799.693
799.693
799.693
799.693
799.693
799.693
799.693
799.693
799.693
799.693
799.693
799.693
799.693
799.694
799.694
799.694
799.694
799.694
799.694
799.694
799.694
799.694
799.694
799.694
799.694
799.695
799.695
799.695
799.695
799.695
799.695
799.695
799.695
799.695
799.695
799.695
799.695
799.695
799.696
799.696
799.696
799.696
799.696
799.696
799.696
799.696
799.696
799.696
799.696
799.696
799.697
799.697
799.697
799.697
799.697
799.697
799.697
799.697
799.697
799.697
799.697
799.697
799.697
799.698
799.698
799.698
799.698
799.698
799.698
799.698
799.698
799.698
799.698
799.698
799.698
799.699
799.699
799.699
799.699
799.699
799.699
799.699
799.699
799.699
799.699
799.699
799.699
799.7
799.7
799.7
799.7
799.7
799.7
799.7
799.7
799.7
799.7
799.7
799.7
799.7
799.701
799.701
799.701
799.701
799.701
799.701
799.701
799.701
799.701
799.701
799.701
799.701
799.702
799.702
799.702
799.702
799.702
799.702
799.702
799.702
799.702
799.702
799.702
799.702
799.702
799.703
799.703
799.703
799.703
799.703
799.703
799.703
799.703
799.703
799.703
799.703
799.703
799.704
799.704
799.704
799.704
799.704
799.704
799.704
799.704
799.704
799.704
799.704
799.704
799.705
799.705
799.705
799.705
799.705
799.705
799.705
799.705
799.705
799.705
799.705
799.705
799.705
799.706
799.706
799.706
799.706
799.706
799.706
799.706
799.706
799.706
799.706
799.706
799.706
799.707
799.707
799.707
799.707
799.707
799.707
799.707
799.707
799.707
799.707
799.707
799.707
799.708
799.708
799.708
799.708
799.708
799.708
799.708
799.708
799.708
799.708
799.708
799.708
799.708
799.709
799.709
799.709
799.709
799.709
799.709
799.709
799.709
799.709
799.709
799.709
799.709
799.71
799.71
799.71
799.71
799.71
799.71
799.71
799.71
799.71
799.71
799.71
799.71
799.71
799.711
799.711
799.711
799.711
799.711
799.711
799.711
799.711
799.711
799.711
799.711
799.711
799.712
799.712
799.712
799.712
799.712
799.712
799.712
799.712
799.712
799.712
799.712
799.712
799.713
799.713
799.713
799.713
799.713
799.713
799.713
799.713
799.713
799.713
799.713
799.713
799.713
799.714
799.714
799.714
799.714
799.714
799.714
799.714
799.714
799.714
799.714
799.714
799.714
799.715
799.715
799.715
799.715
799.715
799.715
799.715
799.715
799.715
799.715
799.715
799.715
799.716
799.716
799.716
799.716
799.716
799.716
799.716
799.716
799.716
799.716
799.716
799.716
799.716
799.717
799.717
799.717
799.717
799.717
799.717
799.717
799.717
799.717
799.717
799.717
799.717
799.718
799.718
799.718
799.718
799.718
