0 
0 
0 
0 
0 
0 
0 
0 
0 
0 
0 
0 
0 
0 
0 
0 
0 
0 
0 
0 
0 
0 
0 
0 
0 
0 
0 
0 
0 
0 
0 
0 
0 
0 
0 
0 
0 
0 
0 
0 
0 
0 
0 
0 
0 
0 
0 
0 
0 
0 
0 
0 
0 
0 
0 
0 
0 
0 
0 
0 
0 
0 
0 
0 
0 
0 
0 
0 
0 
0 
0 
0 
0 
0 
0 
0 
0 
0 
0 
0 
0 
0 
0 
0 
0 
0 
0 
0 
0 
0 
0 
0 
0 
0 
0 
0 
0 
0 
0 
0 
0 
0 
0 
0 
0 
0 
0 
0 
0 
0 
0 
0 
0 
0 
0 
0 
0 
0 
0 
0 
0 
0 
0 
0 
0 
0 
0 
0 
0 
0 
0 
0 
0 
0 
0 
0 
0 
0 
0 
0 
0 
0 
0 
0 
0 
0 
0 
0 
0 
0 
0 
0 
0 
0 
0 
0 
0 
0 
0 
0 
0 
0 
0 
0 
0 
0 
0 
0 
0 
0 
0 
0 
0 
0 
0 
0 
0 
0 
0 
0 
0 
0 
0 
0 
0 
0 
0 
0 
0 
0 
0 
0 
0 
0 
0 
0 
0 
0 
0 
0 
0 
0 
0 
0 
0 
0 
0 
0 
0 
0 
0 
0 
0 
0 
0 
0 
0 
0 
0 
0 
0 
0 
0 
0 
0 
0 
0 
0 
0 
0 
0 
0 
0 
0 
0 
0 
0 
0 
0 
0 
0 
0 
0 
0 
0 
0 
0 
0 
0 
0 
0 
0 
0 
0 
0 
0 
0 
0 
0 
0 
0 
0 
0 
0 
0 
0 
0 
0 
0 
0 
0 
0 
0 
0 
0 
0 
0 
0 
0 
0 
0 
0 
0 
0 
0 
0 
0 
0 
0 
0 
0 
0 
0 
0 
0 
0 
0 
0 
0 
0 
0 
0 
0 
0 
0 
0 
0 
0 
0 
0 
0 
0 
0 
0 
0 
0 
0 
0 
0 
0 
0 
0 
0 
0 
0 
0 
0 
0 
0 
0 
0 
0 
0 
0 
0 
0 
0 
0 
0 
0 
0 
0 
0 
0 
0 
0 
0 
0 
0 
0 
0 
0 
0.00596586 
0.0141997 
0.0224906 
0.033269 
0.0418272 
0.055668 
0.0660392 
0.0828266 
0.0939388 
0.111021 
0.125639 
0.139971 
0.154204 
0.168813 
0.183153 
0.198275 
0.212513 
0.228508 
0.242057 
0.25983 
0.271249 
0.293095 
0.310139 
0.324374 
0.34282 
0.354857 
0.377276 
0.39389 
0.410395 
0.426692 
0.443457 
0.459679 
0.476951 
0.492778 
0.511068 
0.525703 
0.546255 
0.564525 
0.581569 
0.599607 
0.616043 
0.635046 
0.650176 
0.671468 
0.690229 
0.707957 
0.726298 
0.743592 
0.762545 
0.779016 
0.799427 
0.813877 
0.83768 
0.859863 
0.873962 
0.899515 
0.917043 
0.938089 
0.95303 
0.977345 
0.99755 
1.01605 
1.03592 
1.05349 
1.07453 
1.09029 
1.11421 
1.13672 
1.15285 
1.17745 
1.19531 
1.21967 
1.23878 
1.26103 
1.27717 
1.30235 
1.32349 
1.3444 
1.36395 
1.38512 
1.40365 
1.42607 
1.44258 
1.46804 
1.48778 
1.51106 
1.52742 
1.55388 
1.57315 
1.59737 
1.6253 
1.65222 
1.67717 
1.69346 
1.7214 
1.75285 
1.7781 
1.80235 
1.81944 
1.84616 
1.87881 
1.90515 
1.92635 
1.94925 
1.96819 
1.99273 
2.02323 
2.04438 
2.06653 
2.08631 
2.10947 
2.12753 
2.15323 
2.17567 
2.19667 
2.21852 
2.23885 
2.26135 
2.28056 
2.30467 
2.32148 
2.34928 
2.37119 
2.39365 
2.41378 
2.43705 
2.45552 
2.4811 
2.50617 
2.52356 
2.55131 
2.57826 
2.60511 
2.63156 
2.66082 
2.6816 
2.70715 
2.7392 
2.76253 
2.7828 
2.80682 
2.82511 
2.85189 
2.87262 
2.89779 
2.91494 
2.94377 
2.96908 
2.98759 
3.01484 
3.03448 
3.06176 
3.08305 
3.10787 
3.12596 
3.15374 
3.18021 
3.21435 
3.23964 
3.25806 
3.28581 
3.31971 
3.34666 
3.37283 
3.39053 
3.4196 
3.44108 
3.46654 
3.48445 
3.51318 
3.53813 
3.55882 
3.58411 
3.60217 
3.63076 
3.6516 
3.67918 
3.70482 
3.72427 
3.75149 
3.77649 
3.79671 
3.82265 
3.85573 
3.88003 
3.90032 
3.92577 
3.94348 
3.97263 
3.99305 
4.02075 
4.04466 
4.06676 
4.09008 
4.11127 
4.13545 
4.15512 
4.18143 
4.2113 
4.24046 
4.26236 
4.28819 
4.30659 
4.33556 
4.36722 
4.39748 
4.43257 
4.45979 
4.49122 
4.52245 
4.54806 
4.56891 
4.59518 
4.61929 
4.64431 
4.66522 
4.69143 
4.72461 
4.74562 
4.77265 
4.80369 
4.82859 
4.85062 
4.87525 
4.89564 
4.9221 
4.95529 
4.97832 
5.00178 
5.02366 
5.0477 
5.06847 
5.09402 
5.11251 
5.14142 
5.16523 
5.18902 
5.21107 
5.23524 
5.25608 
5.28172 
5.30023 
5.32924 
5.35222 
5.3774 
5.39754 
5.42465 
5.45431 
5.48948 
5.51686 
5.54813 
5.57429 
5.59466 
5.622 
5.65168 
5.67155 
5.70156 
5.72325 
5.75153 
5.77977 
5.81159 
5.84007 
5.87143 
5.89269 
5.92138 
5.94677 
5.96864 
5.9942 
6.01397 
6.04209 
6.06737 
6.08904 
6.11463 
6.13416 
6.16248 
6.18595 
6.21033 
6.23188 
6.25728 
6.27688 
6.30494 
6.32965 
6.35201 
6.37644 
6.39751 
6.42339 
6.44214 
6.47137 
6.49775 
6.51828 
6.54578 
6.57581 
6.61121 
6.63832 
6.6755 
6.70552 
6.73085 
6.75347 
6.7783 
6.79941 
6.82576 
6.8443 
6.87428 
6.89698 
6.92386 
6.94269 
6.97283 
6.99868 
7.0212 
7.04668 
7.06728 
7.09476 
7.12617 
7.14723 
7.1766 
7.19915 
7.22588 
7.24485 
7.27482 
7.30437 
7.33583 
7.35724 
7.38733 
7.40885 
7.43788 
7.46428 
7.48553 
7.51285 
7.54743 
7.57199 
7.59475 
7.61924 
7.64099 
7.66665 
7.68653 
7.71487 
7.74041 
7.76227 
7.78815 
7.80785 
7.8365 
7.86015 
7.88491 
7.90655 
7.93244 
7.95196 
7.98077 
8.00309 
8.02987 
8.05953 
8.08708 
8.10636 
8.13635 
8.16096 
8.18524 
8.20817 
8.23257 
8.25459 
8.27996 
8.30032 
8.32798 
8.35795 
8.37948 
8.40787 
8.43635 
8.46892 
8.5023 
8.52266 
8.55229 
8.57266 
8.60303 
8.62733 
8.65234 
8.67444 
8.70029 
8.72041 
8.7488 
8.77533 
8.79599 
8.8239 
8.85399 
8.87588 
8.90396 
8.93525 
8.96223 
8.98416 
9.01148 
9.04466 
9.07322 
9.10943 
9.13208 
9.15955 
9.19226 
9.21338 
9.24396 
9.27888 
9.3021 
9.32803 
9.34886 
9.37686 
9.40811 
9.43041 
9.45915 
9.48972 
9.5121 
9.54021 
9.57388 
9.59454 
9.62431 
9.64607 
9.67489 
9.70346 
9.73829 
9.76236 
9.78661 
9.8096 
9.8342 
9.85633 
9.882 
9.90244 
9.93052 
9.95981 
9.98809 
10.0161 
10.037 
10.0658 
10.094 
10.1283 
10.1492 
10.1788 
10.2018 
10.2288 
10.2482 
10.2783 
10.3087 
10.3338 
10.3578 
10.3817 
10.4053 
10.4292 
10.4525 
10.4766 
10.4995 
10.524 
10.5461 
10.5716 
10.5922 
10.62 
10.651 
10.673 
10.7021 
10.7299 
10.7495 
10.7797 
10.8105 
10.833 
10.8611 
10.8955 
10.9184 
10.9446 
10.965 
10.9936 
11.0207 
11.0411 
11.0699 
11.0968 
11.1175 
11.146 
11.1747 
11.2075 
11.2387 
11.2714 
11.2987 
11.3204 
11.3485 
11.3829 
11.4051 
11.4326 
11.4561 
11.4844 
11.5151 
11.5448 
11.5786 
11.614 
11.638 
11.6635 
11.6857 
11.7123 
11.7324 
11.7619 
11.7856 
11.8118 
11.8328 
11.8611 
11.8924 
11.9203 
11.941 
11.9705 
11.9957 
12.0198 
12.0439 
12.0676 
12.0918 
12.1151 
12.1396 
12.1623 
12.1875 
12.209 
12.2359 
12.2657 
12.2965 
12.3186 
12.3474 
12.3777 
12.4029 
12.4271 
12.4511 
12.4749 
12.4987 
12.5225 
12.5463 
12.57 
12.5937 
12.6173 
12.641 
12.6646 
12.6882 
12.7118 
12.7355 
12.759 
12.7827 
12.806 
12.8299 
12.853 
12.8771 
12.8998 
12.9246 
12.9462 
12.9726 
12.9919 
13.0216 
13.0568 
13.0818 
13.1047 
13.1296 
13.1514 
13.1777 
13.1973 
13.2268 
13.2475 
13.2777 
13.305 
13.327 
13.3547 
13.3873 
13.4133 
13.4384 
13.4622 
13.4873 
13.5102 
13.536 
13.5573 
13.5851 
13.6202 
13.6447 
13.6687 
13.6925 
13.7164 
13.74 
13.764 
13.7874 
13.8117 
13.8346 
13.8594 
13.8814 
13.9075 
13.9276 
13.9564 
13.9818 
14.005 
14.0299 
14.052 
14.078 
14.0982 
14.1269 
14.1534 
14.1748 
14.2022 
14.225 
14.254 
14.2846 
14.3076 
14.3351 
14.3653 
14.395 
14.4253 
14.4516 
14.4742 
14.5006 
14.5211 
14.5501 
14.5766 
14.5984 
14.6257 
14.6577 
14.6834 
14.7077 
14.7321 
14.7557 
14.7802 
14.8033 
14.8282 
14.8505 
14.8765 
14.897 
14.9255 
14.9541 
14.9893 
15.0141 
15.0376 
15.062 
15.0849 
15.1099 
15.1317 
15.1582 
15.1778 
15.2075 
15.2283 
15.2586 
15.2923 
15.3205 
15.3411 
15.371 
15.395 
15.4212 
15.4426 
15.4706 
15.5044 
15.5295 
15.5549 
15.5778 
15.6038 
15.625 
15.6529 
15.6865 
15.7179 
15.742 
15.7683 
15.7896 
15.8179 
15.8509 
15.8802 
15.9149 
15.9373 
15.9652 
15.9888 
16.0171 
16.0533 
16.0778 
16.1029 
16.1259 
16.1517 
16.1732 
16.2009 
16.2291 
16.251 
16.2797 
16.3132 
16.3449 
16.3796 
16.4124 
16.4124 
16.4506 
16.4803 
16.5113 
16.5363 
16.562 
16.5849 
16.6115 
16.6325 
16.6615 
16.6911 
16.7233 
16.7464 
16.7755 
16.8096 
16.8352 
16.862 
16.8843 
16.9124 
16.9463 
16.9717 
16.9973 
17.0208 
17.0468 
17.0688 
17.0965 
17.1289 
17.162 
17.1923 
17.2278 
17.25 
17.2795 
17.3101 
17.3388 
17.3718 
17.3986 
17.4229 
17.4488 
17.4718 
17.4987 
17.5198 
17.5491 
17.5788 
17.6125 
17.6409 
17.6619 
17.6921 
17.7177 
17.7425 
17.7668 
17.7914 
17.8155 
17.8402 
17.8638 
17.8889 
17.9118 
17.9378 
17.9593 
17.9873 
18.0228 
18.0475 
18.0721 
18.0958 
18.1206 
18.1437 
18.1692 
18.1912 
18.2182 
18.2427 
18.2704 
18.2912 
18.3212 
18.3467 
18.3714 
18.3956 
18.4202 
18.444 
18.4687 
18.4921 
18.5173 
18.5399 
18.5662 
18.587 
18.6158 
18.6451 
18.6789 
18.7077 
18.7295 
18.759 
18.7902 
18.8149 
18.8412 
18.8635 
18.8911 
18.9188 
18.9411 
18.9692 
18.9929 
19.024 
19.0479 
19.0755 
19.103 
19.1277 
19.1535 
19.1769 
19.2034 
19.225 
19.2535 
19.2882 
19.3109 
19.3412 
19.3694 
19.3906 
19.4205 
19.4478 
19.4701 
19.4981 
19.5331 
19.5602 
19.5849 
19.6106 
19.6342 
19.6604 
19.6826 
19.7104 
19.7398 
19.7687 
19.7899 
19.8201 
19.8461 
19.8706 
19.8957 
19.9194 
19.9449 
19.9677 
19.9943 
20.0153 
20.0444 
20.0744 
20.1055 
20.1303 
20.1565 
20.179 
20.2064 
20.2349 
20.2563 
20.2861 
20.3149 
20.3386 
20.3676 
20.394 
20.4206 
20.4442 
20.4714 
20.4929 
20.5223 
20.5537 
20.5795 
20.6047 
20.6291 
20.6541 
20.6782 
20.7034 
20.7268 
20.7528 
20.7749 
20.8026 
20.8304 
20.8527 
20.881 
20.917 
20.9541 
20.978 
21.0063 
21.0425 
21.0645 
21.0955 
21.1212 
